MeshAnim
1
35
49
30
3.677717E-07 -0.8363569 -0.5481854 0
-3.787683E-06 -0.5481854 0.8363569 0
-1 1.851418E-06 -3.362131E-06 0
3.831192 0.9846935 1.846338 1

1.439931E-06 -0.9060712 -0.4231252 0
1.460722E-07 -0.4231252 0.9060712 0
-1 -1.283833E-06 -4.695883E-07 0
3.831192 1.028121 1.889597 1

-0.008243809 0.9059585 0.4232862 0
-0.03395112 -0.4233101 0.9053485 0
0.9993895 -0.006907604 0.03424799 0
3.831192 0.9303195 1.762158 1

1.228733E-06 -0.9339381 -0.3574346 0
7.183667E-08 -0.3574346 0.9339381 0
-1 -1.090584E-06 -3.6477E-07 0
3.831192 1.181875 1.96125 1

0.1128642 0.9375697 0.3289751 0
0.9854489 -0.06327429 -0.1577563 0
-0.1270919 0.3419932 -0.9310684 0
3.76036 0.7494166 1.672313 1

-0.1485694 -0.1064329 -0.9831578 0
-0.1919002 0.9783957 -0.07691863 0
0.9701039 0.1772403 -0.1657841 0
3.709031 0.9846934 1.846337 1

-0.08174931 0.9116482 0.402759 0
0.9813638 0.003117301 0.1921344 0
0.1739034 0.4109599 -0.8949132 0
3.905508 0.7484133 1.677287 1

-0.06024257 -0.7578589 -0.6496311 0
0.3652107 0.5889537 -0.7209401 0
0.9289737 -0.2806836 0.2412981 0
3.953353 0.9846935 1.846338 1

0.4542645 -0.5733582 0.6818388 0
-0.04395322 0.7500089 0.6599657 0
-0.889782 -0.3297679 0.3155015 0
3.683691 1.229883 1.85054 1

1.402114E-06 -0.9083794 -0.4181469 0
1.494943E-07 -0.4181469 0.9083794 0
-1 -1.253508E-06 -4.431615E-07 0
3.831192 1.331666 1.988386 1

-0.2064153 0.961851 -0.179543 0
0.1276373 0.2083955 0.9696804 0
0.9701039 0.1772404 -0.1657841 0
3.728721 0.998799 1.976634 1

-0.126459 0.9634352 0.2362221 0
0.9532338 0.05212652 0.2977044 0
0.2745054 0.2628224 -0.924971 0
3.929714 0.4784702 1.558028 1

0.1649887 0.9731718 0.16036 0
0.9582136 -0.1196371 -0.2598342 0
-0.2336783 0.1965289 -0.9522451 0
3.72694 0.4717978 1.574902 1

-0.4542634 -0.5733596 0.6818383 0
0.04395074 0.7500089 0.6599659 0
-0.8897825 0.3297658 -0.315502 0
3.978693 1.229883 1.85054 1

0.3519264 0.8717781 -0.3408087 0
-0.1146991 0.4015214 0.9086388 0
0.9289737 -0.2806835 0.2412981 0
3.961337 1.085132 1.932433 1

0.2446842 -0.9679703 -0.05624452 0
0.4061542 0.04964915 0.9124548 0
-0.8804365 -0.2461071 0.4052935 0
3.552099 1.395974 1.653024 1

2.565724E-06 -0.5585578 -0.8294656 0
1.263731E-06 -0.8294656 0.5585578 0
-1 -2.398673E-06 -1.414983E-06 0
3.831192 1.396938 2.018383 1

-0.03531412 -0.5727475 -0.8189709 0
-0.2401072 0.8003415 -0.5493655 0
0.9701039 0.1772403 -0.1657841 0
3.761574 0.8457127 2.00521 1

-0.2446815 -0.9679708 -0.056245 0
-0.406155 0.04964796 0.9124545 0
-0.8804368 0.246105 -0.4052941 0
4.110285 1.395975 1.653025 1

-0.05188225 -0.7442041 -0.6659345 0
0.366492 0.6061165 -0.7059085 0
0.9289737 -0.2806838 0.2412981 0
3.905325 0.9463813 1.986676 1

0.7606354 -0.573609 0.3039844 0
0.1454608 0.606948 0.7813166 0
-0.6326728 -0.5500793 0.5451037 0
3.46017 1.759646 1.674156 1

2.435296E-06 -0.6214449 -0.7834579 0
1.078314E-06 -0.7834579 0.6214449 0
-1 -2.275562E-06 -1.230508E-06 0
3.831192 1.433526 2.072615 1

-0.03973375 0.2405405 -0.9698257 0
-0.04693652 0.9690715 0.2422762 0
0.9981074 0.05514663 -0.0272147 0
3.767813 0.9469039 2.149903 1

-0.7606351 -0.5736113 0.3039842 0
-0.1454632 0.6069481 0.7813171 0
-0.6326736 0.5500777 -0.5451044 0
4.202213 1.759647 1.674157 1

-0.07554276 0.4710158 -0.8788844 0
0.1450311 0.8772203 0.4576579 0
0.9865392 -0.09289286 -0.1345796 0
3.914492 1.077865 2.104331 1

0.9937078 -0.05259418 -0.09888812 0
0.1097857 0.6322365 0.7669578 0
0.02218334 -0.7729884 0.6340322 0
3.046283 2.071764 1.508748 1

0.7012759 0.04992634 0.7111396 0
-0.3945618 0.8580079 0.3288517 0
-0.5937449 -0.5112043 0.6213994 0
3.428911 1.795279 1.645475 1

-0.9937081 -0.05259689 -0.09888881 0
-0.1097881 0.6322366 0.7669585 0
0.02218233 0.772989 -0.6340321 0
4.616099 2.071767 1.508749 1

-0.7012778 0.04992384 0.7111393 0
0.3945592 0.8580096 0.3288533 0
-0.5937454 0.5112031 -0.6213998 0
4.233472 1.79528 1.645476 1

2.185575E-06 -0.7149625 -0.6991629 0
7.727789E-07 -0.6991629 0.7149625 0
-1 -2.020248E-06 -9.682342E-07 0
3.831192 1.499041 2.137045 1

-0.1122066 0.8463507 -0.5206733 0
0.1038889 -0.5111192 -0.8532084 0
-0.9882394 -0.1498276 -0.03057547 0
3.775071 0.9352248 2.178934 1

0.5778759 -0.3355389 -0.7439576 0
-0.5710558 0.4850047 -0.6623189 0
0.5830566 0.8075795 0.08866104 0
3.748122 0.9557689 2.186493 1

0.1400978 -0.7769552 -0.6137699 0
-0.1128 0.6033238 -0.789479 0
0.9836915 0.1798373 -0.003116176 0
3.766702 0.9731158 2.178274 1

-0.1640147 -0.781618 -0.601808 0
0.04398121 0.603669 -0.7960214 0
0.9854771 -0.1570276 -0.06463403 0
3.790966 0.9604735 2.18222 1

0.2505646 0.8346049 -0.4905632 0
-0.1488623 -0.4674857 -0.8713768 0
-0.9565865 0.2913626 0.007105902 0
3.91045 1.059627 2.130463 1

0.3612741 -0.5251968 -0.7704868 0
-0.1497759 0.7828816 -0.6038741 0
0.9203522 0.3335644 0.2041731 0
3.896903 1.083792 2.142013 1

-0.1805644 -0.4454781 -0.8768957 0
-0.08465269 0.8952804 -0.4373866 0
0.9799135 -0.004744917 -0.1993667 0
3.921213 1.096213 2.137669 1

-0.7462107 -0.1883372 -0.638513 0
0.4290221 0.5973489 -0.6775802 0
0.5090284 -0.7795537 -0.3649473 0
3.939507 1.076774 2.138655 1

0.8994077 0.3830144 0.210631 0
-0.4346205 0.8349699 0.3375358 0
-0.04658931 -0.3951268 0.9174444 0
3.137519 1.774534 1.349985 1

-0.8994098 0.3830116 0.210631 0
0.4346179 0.8349718 0.3375372 0
-0.04658941 0.3951275 -0.9174448 0
4.524864 1.774536 1.349986 1

-1.683429E-07 0.8206685 -0.5714049 0
-6.706433E-07 0.5714049 0.8206684 0
1 4.387081E-07 4.468533E-07 0
3.831192 1.483105 2.183014 1

-0.0225113 0.3403164 -0.9400415 0
0.1512496 -0.9282979 -0.3396866 0
-0.9882394 -0.1498276 -0.03057547 0
3.781782 0.8846024 2.210077 1

-0.1415729 -0.969945 0.1979004 0
-0.09376723 -0.1858756 -0.9780892 0
0.9854771 -0.1570276 -0.06463403 0
3.803716 1.021233 2.229002 1

0.1764077 -0.9612612 0.2117976 0
0.03509362 -0.208893 -0.9773088 0
0.9836915 0.1798373 -0.003116176 0
3.755404 1.03577 2.227769 1

0.812984 -0.5821391 -0.01309076 0
0.04100902 0.07966843 -0.9959778 0
0.5808403 0.809177 0.08864191 0
3.708105 0.979004 2.23801 1

0.06701591 0.2436204 -0.9675529 0
-0.2836397 -0.9250715 -0.2525698 0
-0.9565865 0.2913626 0.007105902 0
3.895463 1.009707 2.159805 1

0.3847174 -0.8660474 -0.3193035 0
0.07031529 0.3724205 -0.9253968 0
0.9203522 0.3335644 0.2041731 0
3.868819 1.124618 2.201907 1

-0.02998177 -0.9918595 -0.1237583 0
-0.1971564 0.1272498 -0.9720787 0
0.9799135 -0.004744917 -0.1993667 0
3.935774 1.132137 2.208382 1

-0.8602869 -0.4746676 -0.1860039 0
-0.02822857 0.4086407 -0.912259 0
0.5090284 -0.7795537 -0.3649473 0
3.991179 1.089815 2.18287 1

-0.01530585 -0.8463311 -0.5324374 0
-0.001268838 -0.532483 0.8464398 0
-0.9998822 0.01363112 0.007076095 0
3.833984 0.9462215 1.860184 1

0.006427871 -0.9156624 -0.4018972 0
0.0005348829 -0.4019023 0.9156824 0
-0.9999792 -0.00610079 -0.002093754 0
3.834029 0.9904481 1.902626 1

0.008924769 0.9208716 0.3897647 0
-0.03291112 -0.3892984 0.9205236 0
0.9994189 -0.02104311 0.02683265 0
3.832633 0.8902962 1.777038 1

-0.002526615 -0.9401099 -0.3408626 0
0.01008755 -0.3408702 0.9400563 0
-0.9999459 -0.001063238 0.01034451 0
3.832937 1.145827 1.970677 1

0.1374198 0.9246702 0.3551076 0
0.9835098 -0.0848209 -0.1597328 0
-0.1175797 0.371202 -0.9210778 0
3.758339 0.7073369 1.694445 1

-0.1121331 -0.199268 -0.9735084 0
-0.1939952 0.9652262 -0.1752275 0
0.9745729 0.1692071 -0.1468907 0
3.711972 0.9478055 1.861032 1

-0.07318538 0.8996059 0.4305273 0
0.9842576 -0.004484646 0.1766849 0
0.1608774 0.4366803 -0.8851153 0
3.903492 0.7042807 1.698342 1

-0.02347109 -0.625604 -0.7797878 0
0.3197403 0.7343359 -0.5987631 0
0.9472148 -0.2633833 0.1827953 0
3.956214 0.944593 1.859381 1

0.4347005 -0.5890126 0.6812488 0
-0.0784966 0.7287995 0.6802133 0
-0.8971477 -0.3491646 0.2705737 0
3.684242 1.191713 1.860668 1

-0.003722616 -0.9524687 -0.3046143 0
0.005803854 -0.3046319 0.9524525 0
-0.9999764 0.001777745 0.006661867 0
3.833032 1.296069 1.995159 1

-0.1896413 0.9720368 -0.1384953 0
0.1193489 0.1628303 0.9794093 0
0.9745729 0.1692071 -0.1468907 0
3.726833 0.9742141 1.99005 1

-0.1407447 0.9254743 0.3516943 0
0.9575357 0.03695983 0.2859377 0
0.2516293 0.3770038 -0.8913759 0
3.925162 0.4379034 1.570861 1

0.2113881 0.9380242 0.2746381 0
0.9541103 -0.1370594 -0.2662506 0
-0.2121079 0.318317 -0.9239507 0
3.717649 0.4335378 1.589296 1

-0.4185781 -0.5887207 0.6915204 0
0.08808976 0.7315257 0.6760996 0
-0.9038986 0.3439164 -0.2543404 0
3.979228 1.192027 1.857617 1

0.3130563 0.8828168 -0.3501869 0
-0.06914127 0.3889272 0.9186705 0
0.9472148 -0.2633833 0.1827953 0
3.959325 1.027504 1.962726 1

0.2815111 -0.9595504 -0.003895015 0
0.3398762 0.09591475 0.9355666 0
-0.8973494 -0.2646961 0.353129 0
3.558317 1.36234 1.663323 1

-0.005037946 -0.6935722 -0.7203698 0
0.00437831 -0.7203873 0.6935583 0
-0.9999778 0.0003401751 0.006665795 0
3.833299 1.364501 2.016997 1

-0.05696473 -0.446919 -0.8927591 0
-0.2167095 0.8784263 -0.4259162 0
0.9745729 0.1692071 -0.1468907 0
3.757016 0.8195069 2.012093 1

-0.277438 -0.9607191 0.006897151 0
-0.3215368 0.09961426 0.9416429 0
-0.905341 0.2590299 -0.3365433 0
4.100482 1.362569 1.657296 1

0.01085709 -0.5434852 -0.8393487 0
0.3204168 0.7970279 -0.5119376 0
0.9472148 -0.2633833 0.1827953 0
3.909499 0.8869962 2.018461 1

0.5065339 -0.672268 0.5398886 0
0.05641562 0.6506604 0.7572707 0
-0.8603726 -0.3531249 0.3675076 0
3.452552 1.722848 1.664787 1

-0.008417571 -0.728541 -0.6849508 0
0.009200786 -0.6850025 0.7284829 0
-0.9999223 -0.0001699589 0.01246905 0
3.833628 1.409917 2.064085 1

-0.02583026 0.3547098 -0.9346198 0
-0.06220783 0.9325494 0.3556431 0
0.997729 0.06732693 -0.002022117 0
3.76708 0.8984671 2.169823 1

-0.4927836 -0.6714064 0.5535159 0
-0.04406065 0.6545513 0.7547343 0
-0.869036 0.3475317 -0.352134 0
4.204717 1.723516 1.654705 1

-0.04399398 0.6349403 -0.7713081 0
0.1422169 0.7681729 0.6242476 0
0.9888575 -0.08222991 -0.1240941 0
3.907581 0.9830177 2.166754 1

0.747777 -0.5027721 0.4336476 0
0.03234776 0.6799451 0.7325497 0
-0.6631617 -0.5337561 0.5247106 0
3.17693 2.08865 1.371016 1

0.4722746 0.07795444 0.8779979 0
-0.3153477 0.9450977 0.08571342 0
-0.8231117 -0.3173548 0.470928 0
3.438738 1.760427 1.626492 1

-0.7368263 -0.5033137 0.4514026 0
-0.02052041 0.6840152 0.729181 0
-0.6757712 0.528016 -0.5143277 0
4.472857 2.08885 1.353519 1

-0.4548839 0.08074465 0.886884 0
0.3129629 0.9468547 0.07431465 0
-0.8337478 0.3113657 -0.4559784 0
4.217604 1.760942 1.615941 1

-0.01430821 -0.7183793 -0.6955047 0
0.003910772 -0.6956109 0.7184083 0
-0.9998899 0.007559243 0.01276221 0
3.834292 1.484087 2.118324 1

-0.1125363 0.9003939 -0.42027 0
0.1244018 -0.4068624 -0.9049795 0
-0.98583 -0.1541252 -0.06622398 0
3.773972 0.8834596 2.197375 1

0.5980011 -0.2241326 -0.7695189 0
-0.5673073 0.5598549 -0.6039252 0
0.5661782 0.7977015 0.2076417 0
3.746663 0.9026966 2.206842 1

0.1604428 -0.7057862 -0.6900174 0
-0.1024396 0.6833922 -0.7228289 0
0.9817151 0.1866577 0.03734507 0
3.765182 0.9210764 2.201102 1

-0.1398745 -0.7444328 -0.6528824 0
0.04988981 0.6532285 -0.7555158 0
0.9889118 -0.1382497 -0.05423027 0
3.789518 0.9082793 2.203953 1

0.2765674 0.9143977 -0.2956143 0
-0.1244942 -0.2709293 -0.9545151 0
-0.9528968 0.30079 0.03890686 0
3.902553 0.9600987 2.188694 1

0.3766682 -0.3946255 -0.8380885 0
-0.1041999 0.8809316 -0.4616302 0
0.9204694 0.26121 0.290699 0
3.888968 0.9817767 2.204391 1

-0.157525 -0.3020577 -0.9401848 0
-0.06744315 0.9531392 -0.2949199 0
0.9852095 0.01695174 -0.1705148 0
3.913545 0.9943759 2.203206 1

-0.7337726 -0.07366729 -0.67539 0
0.4393878 0.7067632 -0.5544589 0
0.5181861 -0.7036045 -0.4862346 0
3.931563 0.9747976 2.200848 1

0.684639 0.2039534 0.6997664 0
-0.3642082 0.9273335 0.08605486 0
-0.6313652 -0.313777 0.7091699 0
3.2425 1.728035 1.26167 1

-0.67132 0.20489 0.7122861 0
0.3618719 0.9293078 0.07374299 0
-0.646822 0.3072608 -0.6980062 0
4.406615 1.727391 1.247426 1

-0.001701053 0.7962472 -0.6049694 0
0.01473639 0.6049247 0.7961465 0
0.99989 -0.007560845 -0.01276266 0
3.83476 1.468378 2.164368 1

-0.01117598 0.4542428 -0.8908079 0
0.1673777 -0.8774449 -0.4495286 0
-0.98583 -0.1541252 -0.06622398 0
3.780703 0.8296047 2.222513 1

-0.1266285 -0.9757727 0.178419 0
-0.07758296 -0.1695736 -0.9824593 0
0.9889118 -0.1382497 -0.05423027 0
3.800391 0.966148 2.254705 1

0.1795796 -0.9732113 0.1435669 0
0.06314232 -0.1342351 -0.9889361 0
0.9817151 0.1866577 0.03734507 0
3.752244 0.9779916 2.256746 1

0.8289096 -0.552348 -0.08843754 0
0.04411216 0.2221509 -0.9740141 0
0.5576409 0.8034683 0.2085083 0
3.705253 0.9182171 2.260129 1

0.1135492 0.4727535 -0.8738484 0
-0.2812382 -0.8282692 -0.4846395 0
-0.9528968 0.30079 0.03890686 0
3.886011 0.9054064 2.206375 1

0.3747401 -0.8118949 -0.4476571 0
0.1176348 0.5205772 -0.8456724 0
0.919637 0.2642472 0.2905883 0
3.859688 1.012453 2.26954 1

-0.03250271 -0.9585429 -0.2830894 0
-0.1682447 0.2844447 -0.9438145 0
0.9852095 0.01695174 -0.1705148 0
3.926248 1.018734 2.279023 1

-0.8551306 -0.4364285 -0.2797902 0
-0.01534506 0.5607775 -0.8278249 0
0.5181861 -0.7036045 -0.4862346 0
3.982375 0.9798989 2.247617 1

-0.03213182 -0.8557013 -0.5164717 0
-0.002716121 -0.516662 0.8561853 0
-0.9994801 0.0289135 0.01427697 0
3.837206 0.8988526 1.881931 1

0.01382624 -0.9248842 -0.3799977 0
0.0008717771 -0.380023 0.9249768 0
-0.9999042 -0.01312031 -0.004448117 0
3.837237 0.9438509 1.923542 1

0.02900189 0.941721 0.3351428 0
-0.0306043 -0.3342903 0.9419733 0
0.9991109 -0.03757573 0.01912579 0
3.834372 0.8414265 1.799852 1

-0.004276421 -0.9471836 -0.3206636 0
0.02026713 -0.3206829 0.9469699 0
-0.9997857 -0.002449382 0.02056793 0
3.834889 1.100792 1.987877 1

0.1655529 0.9165122 0.3641399 0
0.9802098 -0.1122815 -0.1630391 0
-0.1085412 0.3839253 -0.9169627 0
3.756053 0.6553403 1.728765 1

-0.0729543 -0.2618353 -0.9623514 0
-0.1872422 0.9513605 -0.2446505 0
0.9796011 0.1623446 -0.1184323 0
3.715373 0.9021044 1.883612 1

-0.0607216 0.8946671 0.4425876 0
0.986745 -0.01304768 0.1617537 0
0.1504904 0.4465432 -0.8820159 0
3.901161 0.6498829 1.731543 1

0.002625471 -0.4575057 -0.8892027 0
0.2633046 0.8581445 -0.4407484 0
0.9647094 -0.2329739 0.1227165 0
3.959488 0.895439 1.880397 1

0.4995401 -0.5419749 0.6758133 0
-0.08116207 0.7474111 0.6593859 0
-0.8624808 -0.3842401 0.3293737 0
3.684999 1.144077 1.878437 1

-0.005250118 -0.9839698 -0.1782582 0
0.01195583 -0.1783099 0.9839019 0
-0.9999149 0.003034277 0.0127002 0
3.834958 1.251516 2.009141 1

-0.1800034 0.9708945 -0.1579984 0
0.08933527 0.1760934 0.9803116 0
0.9796011 0.1623446 -0.1184323 0
3.725041 0.9368049 2.011151 1

-0.1704994 0.8203695 0.5458241 0
0.9618042 0.01816627 0.2731358 0
0.2141566 0.5715454 -0.792132 0
3.919141 0.3849679 1.600491 1

0.2779794 0.8373797 0.4706621 0
0.9482873 -0.1610644 -0.2735129 0
-0.1532273 0.5223541 -0.8388492 0
3.707032 0.3839569 1.620942 1

-0.4685253 -0.5441127 0.6960071 0
0.1039613 0.7483975 0.6550521 0
-0.8773119 0.3792662 -0.2940766 0
3.979937 1.1448 1.872369 1

0.2618737 0.8975989 -0.3545971 0
-0.02753819 0.374219 0.9269314 0
0.9647094 -0.2329739 0.1227165 0
3.95914 0.956072 1.998242 1

0.3437506 -0.9383215 0.03726718 0
0.3674912 0.1709373 0.9141832 0
-0.8641678 -0.3005557 0.4035845 0
3.540291 1.301078 1.682666 1

-0.007753601 -0.8131934 -0.581942 0
0.01118427 -0.5819938 0.8131165 0
-0.9999074 -0.0002041128 0.0136074 0
3.835334 1.322203 2.021899 1

-0.06693016 -0.2921201 -0.9540371 0
-0.1894791 0.9425023 -0.2752954 0
0.9796011 0.1623446 -0.1184323 0
3.75369 0.7822795 2.036298 1

-0.3369604 -0.9400606 0.05238557 0
-0.3305524 0.1702157 0.9283111 0
-0.8815854 0.2954879 -0.3680953 0
4.115661 1.302419 1.670749 1

0.05581004 -0.2745437 -0.9599537 0
0.2573352 0.9329251 -0.2518526 0
0.9647094 -0.2329739 0.1227165 0
3.917461 0.8132118 2.054679 1

0.2129585 -0.6819057 0.6997529 0
0.0180351 0.7188025 0.6949807 0
-0.976895 -0.1353819 0.1653731 0
3.411142 1.65361 1.668665 1

-0.01561681 -0.8256017 -0.5640373 0
0.02066678 -0.5642523 0.8253439 0
-0.9996646 0.001232309 0.02587422 0
3.83584 1.375438 2.059926 1

-0.025381 0.5767424 -0.8165321 0
-0.07711447 0.8132319 0.5768082 0
0.9966992 0.07760647 0.02383472 0
3.765515 0.8338904 2.204854 1

-0.1804417 -0.6820885 0.7086596 0
0.006706085 0.719616 0.6943414 0
-0.9835631 0.1300401 -0.1252744 0
4.242259 1.655605 1.651067 1

-0.01880524 0.787539 -0.6159782 0
0.1341783 0.6125018 0.7789981 0
0.9907791 -0.06800158 -0.1171888 0
3.9076 0.8617173 2.224281 1

-0.01992481 -0.664421 0.7470932 0
0.006889954 0.7471325 0.6646396 0
-0.9997779 0.01839019 -0.01030869 0
3.295264 2.024657 1.287906 1

0.2888892 0.1673964 0.9426144 0
-0.1376155 0.9816308 -0.1321493 0
-0.9474205 -0.09154183 0.3066187 0
3.414875 1.68797 1.625364 1

0.05413963 -0.6630553 0.7466117 0
0.01642761 0.7481984 0.6632731 0
-0.9983984 -0.02364469 0.05139971 0
4.340443 2.026752 1.265463 1

-0.2508462 0.1671272 0.9534919 0
0.1268779 0.9821641 -0.1387736 0
-0.9596763 0.0861659 -0.2675768 0
4.23657 1.689888 1.607919 1

-0.02934949 -0.7220644 -0.6912031 0
0.007692686 -0.6916439 0.7221981 0
-0.9995397 0.01587884 0.02585388 0
3.837031 1.457096 2.102045 1

-0.1189618 0.9710736 -0.2070379 0
0.1372539 -0.1904334 -0.972058 0
-0.9833665 -0.1440546 -0.1106294 0
3.772456 0.8125554 2.227844 1

0.6018968 0.01914775 -0.7983446 0
-0.5909905 0.6830313 -0.4291842 0
0.5370762 0.7301385 0.4224304 0
3.74483 0.8284878 2.241571 1

0.173874 -0.5136089 -0.8402227 0
-0.1052405 0.8386415 -0.5344207 0
0.9791284 0.1813474 0.09176564 0
3.763125 0.8479387 2.240773 1

-0.126633 -0.6166984 -0.7769477 0
0.04894315 0.7784147 -0.6258398 0
0.9907415 -0.1172782 -0.06838966 0
3.78762 0.8351269 2.240554 1

0.2940344 0.9539477 -0.05939743 0
-0.09621646 -0.03228661 -0.9948369 0
-0.9509401 0.2982311 0.08229189 0
3.901811 0.8346666 2.240609 1

0.3886532 -0.2351544 -0.8908712 0
-0.07509422 0.9555827 -0.2849967 0
0.918319 0.1776641 0.3537315 0
3.888053 0.8526274 2.260333 1

-0.1346842 -0.134195 -0.9817598 0
-0.05704769 0.9901942 -0.1275217 0
0.9892453 0.038832 -0.1410189 0
3.912772 0.8648194 2.26245 1

-0.7175949 0.06138769 -0.6937505 0
0.4483499 0.8029718 -0.3927075 0
0.5329545 -0.5928476 -0.6037311 0
3.930653 0.8459527 2.256299 1

0.08009458 0.1591918 0.9839935 0
-0.1850695 0.9723762 -0.1422484 0
-0.9794562 -0.1707138 0.1073435 0
3.294837 1.618413 1.233693 1

-0.04042801 0.1600623 0.9862798 0
0.1738782 0.9731529 -0.1508047 0
-0.9839369 0.1653954 -0.06717385 0
4.340801 1.620444 1.211728 1

-0.006040356 0.7308952 -0.6824633 0
0.02973468 0.682305 0.7304627 0
0.9995397 -0.01588047 -0.02585417 0
3.837979 1.441638 2.148167 1

-0.007446408 0.6405441 -0.7678859 0
0.1814802 -0.7542894 -0.630962 0
-0.9833665 -0.1440546 -0.1106294 0
3.779571 0.7544731 2.240227 1

-0.1160027 -0.9929976 0.022347 0
-0.07053174 -0.0142068 -0.9974087 0
0.9907415 -0.1172782 -0.06838966 0
3.797463 0.8830661 2.300951 1

0.188694 -0.9788601 -0.07891956 0
0.07551368 0.09458807 -0.9926487 0
0.9791284 0.1813474 0.09176564 0
3.749104 0.8893565 2.308529 1

0.854974 -0.4457471 -0.265197 0
-0.005341086 0.5037075 -0.8638582 0
0.5186436 0.7399925 0.4282759 0
3.70315 0.8271618 2.296854 1

0.1553289 0.6902774 -0.7066758 0
-0.2675571 -0.6592236 -0.702736 0
-0.9509401 0.2982311 0.08229189 0
3.884224 0.7776086 2.244162 1

0.3749656 -0.7134833 -0.5918974 0
0.142786 0.6753126 -0.7235785 0
0.9159767 0.1868022 0.3550944 0
3.857841 0.8709073 2.329585 1

-0.03138731 -0.8852986 -0.4639629 0
-0.1428605 0.4633994 -0.8745582 0
0.9892453 0.038832 -0.1410189 0
3.923633 0.875641 2.34162 1

-0.8461418 -0.3717204 -0.3819273 0
0.002005417 0.7143919 -0.6997431 0
0.5329545 -0.5928476 -0.6037311 0
3.980345 0.8417019 2.304339 1

-0.04973325 -0.8651419 -0.4990552 0
-0.004358245 -0.4994811 0.866314 0
-0.9987531 0.04525964 0.02107025 0
3.840189 0.856415 1.899299 1

0.02154897 -0.9342325 -0.3560133 0
0.0009809742 -0.3560762 0.9344565 0
-0.9997673 -0.0204858 -0.006756672 0
3.840166 0.90222 1.940002 1

0.0490355 0.9605131 0.2738804 0
-0.02666301 -0.2728538 0.961686 0
0.9984412 -0.05445926 0.0122307 0
3.83581 0.7974265 1.818405 1

-0.005448229 -0.9529444 -0.3030964 0
0.02955391 -0.3031221 0.9524934 0
-0.9995484 -0.003768258 0.02981465 0
3.836507 1.060744 2.000268 1

0.1926852 0.9121661 0.3616987 0
0.9760898 -0.1403813 -0.1659585 0
-0.1006059 0.3850283 -0.917405 0
3.753496 0.6086379 1.760107 1

-0.03543926 -0.2837468 -0.9582441 0
-0.1709567 0.9464345 -0.2739275 0
0.984641 0.1541105 -0.08204933 0
3.718525 0.8614212 1.901758 1

-0.04888003 0.8955251 0.4423189 0
0.9881127 -0.02126808 0.1522545 0
0.1457549 0.4445032 -0.8838397 0
3.898507 0.6007284 1.761883 1

0.01596827 -0.2792347 -0.9600902 0
0.2028015 0.9411589 -0.2703559 0
0.97909 -0.1903906 0.07165793 0
3.962483 0.85111 1.897111 1

0.7645895 -0.3601018 0.5345369 0
-0.09211426 0.7597922 0.6436076 0
-0.6379009 -0.5413344 0.5477588 0
3.685538 1.101748 1.891433 1

-0.004087779 -0.9980597 -0.06213117 0
0.01751273 -0.06219375 0.9979105 0
-0.9998384 0.002991174 0.01773293 0
3.836489 1.21183 2.018748 1

-0.1682774 0.9629445 -0.2107631 0
0.04652819 0.2213328 0.9740877 0
0.984641 0.1541105 -0.08204934 0
3.723221 0.8990262 2.028754 1

-0.196891 0.6720772 0.7138251 0
0.9653148 0.005552754 0.2610302 0
0.1714687 0.7404606 -0.6498592 0
3.91298 0.3355595 1.630911 1

0.3259035 0.6898364 0.6464618 0
0.9429372 -0.1878266 -0.274938 0
-0.06823952 0.6991762 -0.7116857 0
3.696441 0.3385414 1.653006 1

-0.7286383 -0.3657331 0.5790733 0
0.1245947 0.7605975 0.6371561 0
-0.6734705 0.536406 -0.5086319 0
3.980407 1.10286 1.882637 1

0.2033906 0.9093018 -0.3630475 0
0.003962168 0.3700304 0.9290112 0
0.97909 -0.1903906 0.07165796 0
3.960367 0.8881166 2.024351 1

0.5682482 -0.8224864 -0.02471051 0
0.5169836 0.3334939 0.7883589 0
-0.6401734 -0.4607586 0.6147192 0
3.464051 1.206064 1.736588 1

-0.007340654 -0.8988642 -0.4381658 0
0.01775104 -0.438226 0.8986897 0
-0.9998155 -0.001180902 0.01917258 0
3.836782 1.283521 2.023162 1

-0.06306546 -0.1242738 -0.9902419 0
-0.1628032 0.9802073 -0.1126463 0
0.984641 0.1541105 -0.08204936 0
3.750004 0.7457659 2.062298 1

-0.560967 -0.8278142 0.006337047 0
-0.4733494 0.3270257 0.8179209 0
-0.6791587 0.4558272 -0.5752959 0
4.19148 1.208806 1.714891 1

0.07364032 0.003348589 -0.9972795 0
0.1896327 0.981703 0.01729867 0
0.97909 -0.1903906 0.07165796 0
3.927995 0.7433939 2.082133 1

0.3375863 -0.5720996 0.7474878 0
-0.05392092 0.7810487 0.622138 0
-0.9397489 -0.2503305 0.2328233 0
3.250556 1.515076 1.745872 1

-0.02081415 -0.8960739 -0.4434168 0
0.03176618 -0.443882 0.8955222 0
-0.9992787 0.004553899 0.0377038 0
3.83726 1.342353 2.051778 1

-0.03007923 0.8009678 -0.5979521 0
-0.09078377 0.5935608 0.7996523 0
0.9954164 0.07833722 0.0548611 0
3.761146 0.7677221 2.237251 1

-0.28813 -0.576737 0.7644331 0
0.08268423 0.780322 0.6198899 0
-0.9540151 0.241815 -0.1771467 0
4.402238 1.519821 1.71251 1

0.002884411 0.8957586 -0.4445324 0
0.1174857 0.4411519 0.8897089 0
0.9930707 -0.05479247 -0.1039662 0
3.914985 0.7428024 2.258329 1

0.02801278 -0.5936222 0.8042565 0
-0.06970931 0.8014534 0.593981 0
-0.997174 -0.07270323 -0.01892999 0
3.066865 1.826374 1.339139 1

0.2992788 0.317185 0.8999034 0
-0.2866022 0.929463 -0.2322892 0
-0.9101053 -0.1883951 0.3690745 0
3.247501 1.545069 1.699389 1

0.02764332 -0.5958651 0.8026099 0
0.09659548 0.8007517 0.5911584 0
-0.9949401 0.06118659 0.0796936 0
4.559019 1.833642 1.296557 1

-0.2506536 0.3129914 0.9160846 0
0.2639192 0.9325421 -0.2464023 0
-0.9314073 0.1800105 -0.3163491 0
4.402302 1.549931 1.666004 1

-0.04372575 -0.7192587 -0.693365 0
0.010311 -0.694317 0.7195957 0
-0.9989905 0.0243156 0.03777574 0
3.8388 1.429079 2.082105 1

-0.1251365 0.990233 0.06148168 0
0.1479891 0.0799056 -0.985756 0
-0.9810405 -0.1142553 -0.1565428 0
3.768289 0.7403997 2.252559 1

0.5965569 0.3173493 -0.7371632 0
-0.6252812 0.7595915 -0.1790106 0
0.5031339 0.567724 0.6515718 0
3.740389 0.7509639 2.270319 1

0.1831413 -0.227054 -0.956507 0
-0.1132503 0.9616132 -0.2499503 0
0.9765419 0.1541009 0.1503971 0
3.758415 0.7699229 2.275733 1

-0.1161803 -0.4138356 -0.9029076 0
0.04489974 0.9059464 -0.4210059 0
0.9922128 -0.08945291 -0.08667182 0
3.783086 0.7581034 2.271759 1

0.301995 0.9384649 0.1675809 0
-0.06196164 0.19474 -0.9788961 0
-0.9512942 0.2852381 0.1169591 0
3.908581 0.7130854 2.268711 1

0.4018349 -0.07862881 -0.9123302 0
-0.058138 0.9921066 -0.1111114 0
0.913865 0.09768927 0.3940915 0
3.894424 0.7268621 2.291308 1

-0.1072477 0.02576903 -0.9938985 0
-0.05148108 0.9981796 0.0314348 0
0.9928989 0.05453826 -0.1057257 0
3.919159 0.7380803 2.296455 1

-0.6959264 0.190603 -0.6923565 0
0.4567053 0.8615015 -0.2218925 0
0.5541726 -0.4706236 -0.6865906 0
3.937071 0.7206298 2.287065 1

0.02932585 0.2629231 0.9643711 0
-0.3305039 0.9130722 -0.2388868 0
-0.9433488 -0.311723 0.1136738 0
3.123146 1.413273 1.325465 1

0.02766772 0.2597897 0.96527 0
0.3075081 0.9166014 -0.2555055 0
-0.9511431 0.3038972 -0.05452684 0
4.506453 1.419878 1.285356 1

-0.01282535 0.6514909 -0.7585485 0
0.04305644 0.758267 0.6505209 0
0.9989905 -0.02431727 -0.03777585 0
3.840161 1.413445 2.128158 1

-0.00473878 0.8216389 -0.5699892 0
0.1937459 -0.5584405 -0.8066021 0
-0.9810405 -0.1142553 -0.1565428 0
3.775774 0.6811714 2.248881 1

-0.1058557 -0.9723172 -0.2083119 0
-0.06563849 0.2158649 -0.9742148 0
0.9922128 -0.08945291 -0.08667182 0
3.792117 0.790273 2.341946 1

0.1999553 -0.9081453 -0.3678181 0
0.07990126 0.3892626 -0.9176551 0
0.9765419 0.1541009 0.1503971 0
3.743646 0.7882327 2.352867 1

0.877314 -0.2331722 -0.4194652 0
-0.0862674 0.7831798 -0.6157825 0
0.4721 0.5764205 0.6669791 0
3.699079 0.7289884 2.321365 1

0.1913413 0.8437587 -0.5014587 0
-0.2417204 -0.4546552 -0.8572398 0
-0.9512942 0.2852381 0.1169591 0
3.890518 0.6569535 2.258687 1

0.3869379 -0.5846164 -0.7130938 0
0.1521267 0.8032076 -0.5759476 0
0.9094707 0.1143752 0.3997271 0
3.863187 0.7329743 2.362228 1

-0.024507 -0.7758906 -0.6303917 0
-0.1164121 0.6285065 -0.7690443 0
0.9928989 0.05453826 -0.1057257 0
3.927808 0.7360023 2.376604 1

-0.8319734 -0.286683 -0.4750092 0
0.02671658 0.8344622 -0.550418 0
0.5541726 -0.4706236 -0.6865906 0
3.985262 0.7074312 2.335008 1

-0.06736943 -0.8752672 -0.4789243 0
-0.006195385 -0.4796386 0.8774443 0
-0.9977089 0.06208005 0.02689034 0
3.842266 0.8327374 1.900008 1

0.02893994 -0.9440687 -0.3284762 0
0.0008471495 -0.3285906 0.9444721 0
-0.9995809 -0.02761122 -0.00870964 0
3.842187 0.8794461 1.93966 1

0.06534761 0.972429 0.2238562 0
-0.02232203 -0.2228551 0.974596 0
0.9976131 -0.06868445 0.007143557 0
3.836344 0.7720157 1.820506 1

-0.006379788 -0.9556051 -0.294581 0
0.0370827 -0.2946105 0.9548976 0
-0.9992919 -0.004831821 0.03731594 0
3.837272 1.039638 1.995253 1

0.2136631 0.9100703 0.3551342 0
0.9722868 -0.1627868 -0.1678079 0
-0.0949059 0.3811466 -0.9196306 0
3.750797 0.581743 1.772618 1

-0.01027192 -0.2739997 -0.961675 0
-0.1502338 0.9512323 -0.2694199 0
0.9885974 0.1417086 -0.05093499 0
3.720747 0.8395938 1.903146 1

-0.04357009 0.8995338 0.4346732 0
0.9878122 -0.0262875 0.1534154 0
0.1494288 0.4360597 -0.8874251 0
3.895687 0.5717676 1.773656 1

0.02074724 -0.1293145 -0.9913865 0
0.147278 0.9811773 -0.1249008 0
0.9888775 -0.1434181 0.03940195 0
3.964517 0.8254838 1.897256 1

0.992812 0.05596412 0.1057954 0
-0.1109824 0.7613862 0.6387283 0
-0.04480514 -0.6458787 0.7621242 0
3.685439 1.079473 1.88719 1

-0.0004538994 -0.9998919 0.01469082 0
0.02201734 0.01467711 0.9996499 0
-0.9997575 0.0007771924 0.02200828 0
3.837183 1.190877 2.012392 1

-0.1503998 0.9459319 -0.2873904 0
0.007455367 0.2917736 0.9564586 0
0.9885974 0.1417086 -0.05093498 0
3.722108 0.8759067 2.030595 1

-0.2197545 0.567389 0.7935854 0
0.9655635 0.01037212 0.2599618 0
0.1392683 0.8233847 -0.5501294 0
3.908588 0.3054115 1.644947 1

0.3449872 0.580874 0.7372717 0
0.9386055 -0.2118143 -0.2723139 0
-0.002015423 0.7859517 -0.6182846 0
3.68753 0.3122672 1.667462 1

-0.9826509 0.04641204 0.1795638 0
0.1509513 0.7626529 0.6289468 0
-0.1077542 0.6451405 -0.7564277 0
3.980232 1.080898 1.876182 1

0.1474532 0.9106787 -0.3859041 0
0.0194631 0.3874218 0.9216971 0
0.9888775 -0.1434181 0.03940197 0
3.961767 0.8426216 2.028644 1

0.7991925 -0.5152003 -0.309613 0
0.599133 0.6414191 0.4791884 0
-0.0482862 -0.5684632 0.8212906 0
3.39784 1.063261 1.856544 1

-0.004249759 -0.9454087 -0.3258594 0
0.02149386 -0.3258734 0.9451692 0
-0.99976 -0.002987226 0.02170534 0
3.837214 1.262694 2.011288 1

-0.0529915 0.0107739 -0.9985371 0
-0.1409525 0.9898499 0.01816025 0
0.9885974 0.1417086 -0.05093501 0
3.746046 0.7253541 2.076336 1

-0.8127678 -0.5255005 -0.2515112 0
-0.571143 0.6335705 0.5219045 0
-0.114911 0.5678359 -0.8150814 0
4.264887 1.067454 1.824166 1

0.07097246 0.222204 -0.9724139 0
0.1307064 0.9643946 0.2299111 0
0.9888775 -0.1434181 0.039402 0
3.938299 0.6976798 2.090064 1

0.7781859 -0.243642 0.5788485 0
-0.2129955 0.7646723 0.6082015 0
-0.5908128 -0.5965861 0.5431625 0
3.097579 1.256825 1.972867 1

-0.02419029 -0.9337456 -0.3571188 0
0.04000096 -0.3578414 0.9329253 0
-0.9989067 0.008282628 0.04600699 0
3.83749 1.324567 2.032554 1

-0.03666943 0.9338421 -0.3558018 0
-0.09684204 0.3510447 0.9313375 0
0.9946243 0.06860815 0.07756259 0
3.755408 0.7234505 2.252754 1

-0.7310631 -0.2537435 0.6333742 0
0.246529 0.7673357 0.5919639 0
-0.6362165 0.5889071 -0.4984149 0
4.570249 1.264887 1.91866 1

0.0210692 0.956607 -0.2906189 0
0.09894037 0.2872614 0.9527285 0
0.9948704 -0.04882715 -0.08859466 0
3.92576 0.6584214 2.261867 1

0.6211268 -0.3482296 0.7020953 0
-0.2394319 0.7687113 0.5930898 0
-0.74624 -0.5364881 0.3940898 0
2.674142 1.389398 1.657897 1

0.376346 0.5323095 0.7582946 0
-0.7368137 0.668151 -0.1033456 0
-0.5616669 -0.5198282 0.6436687 0
3.066654 1.274871 1.930588 1

-0.5538472 -0.3631794 0.7492368 0
0.2717618 0.7717236 0.5749698 0
-0.7870197 0.5220581 -0.3287177 0
4.968043 1.402957 1.574021 1

-0.3285885 0.5287545 0.7825919 0
0.7188331 0.6774744 -0.1559143 0
-0.6126254 0.5113202 -0.6026956 0
4.597799 1.283334 1.874275 1

-0.05543638 -0.7171139 -0.6947476 0
0.01136505 -0.6962258 0.7177328 0
-0.9983975 0.03189267 0.04674626 0
3.839244 1.413757 2.054589 1

-0.1252955 0.9522532 0.2784151 0
0.1539561 0.2958893 -0.9427344 0
-0.9801018 -0.07525655 -0.1836787 0
3.76278 0.6930406 2.260017 1

0.5858596 0.5476209 -0.5973948 0
-0.655763 0.7534658 0.04758739 0
0.4761762 0.3638697 0.8005346 0
3.73477 0.6981032 2.279897 1

0.1838528 0.04482991 -0.9819314 0
-0.1207764 0.9924205 0.02269492 0
0.9755059 0.1144214 0.1878737 0
3.75262 0.7150034 2.290359 1

-0.1127227 -0.2054168 -0.9721616 0
0.04305106 0.9764689 -0.2113192 0
0.9926936 -0.06567299 -0.1012268 0
3.7774 0.7049307 2.283381 1

0.3037074 0.8876964 0.3460595 0
-0.02993123 0.371926 -0.9277802 0
-0.9522954 0.2714156 0.1395264 0
3.918863 0.6274799 2.267057 1

0.4107171 0.05141476 -0.9103124 0
-0.04819427 0.9982375 0.03463623 0
0.9104883 0.02964608 0.4124711 0
3.904261 0.637518 2.291283 1

-0.08088805 0.1588074 -0.9839906 0
-0.04675498 0.9855343 0.1628999 0
0.995626 0.05918317 -0.07229293 0
3.92895 0.6474391 2.298779 1

-0.6740195 0.2987235 -0.6756198 0
0.4644796 0.8825569 -0.07315925 0
0.5744185 -0.3631222 -0.7336117 0
3.946949 0.6315589 2.287057 1

0.2664655 0.4522111 0.8511765 0
-0.7686618 0.6325014 -0.09540024 0
-0.5815112 -0.6288461 0.516137 0
2.910276 1.053687 1.615505 1

-0.1991766 0.4380019 0.8766328 0
0.7514971 0.642406 -0.1502276 0
-0.6289532 0.628864 -0.4571084 0
4.734333 1.063628 1.549095 1

-0.01938508 0.5833176 -0.8120127 0
0.05316652 0.8116176 0.5817646 0
0.9983977 -0.03189433 -0.04674622 0
3.840894 1.397994 2.100588 1

-0.0009718005 0.9271517 -0.3746861 0
0.1984956 -0.3670515 -0.9087757 0
-0.9801018 -0.07525655 -0.1836787 0
3.770275 0.636084 2.243364 1

-0.1021012 -0.9042504 -0.4146164 0
-0.06430526 0.4219225 -0.904349 0
0.9926936 -0.06567299 -0.1012268 0
3.786162 0.7208989 2.358953 1

0.2061769 -0.7733079 -0.5995719 0
0.07668022 0.623621 -0.7779575 0
0.9755059 0.1144214 0.1878737 0
3.737794 0.7113882 2.369542 1

0.8826622 0.007359236 -0.4699509 0
-0.177121 0.9313706 -0.318084 0
0.4353576 0.3639986 0.8233888 0
3.694201 0.6601821 2.321265 1

0.2178264 0.9247296 -0.3121337 0
-0.2137421 -0.2668504 -0.9397371 0
-0.9522954 0.2714156 0.1395264 0
3.900698 0.5743846 2.246358 1

0.4024224 -0.4465597 -0.7991502 0
0.1468158 0.8931376 -0.4251483 0
0.9036047 0.05376123 0.4249804 0
3.872334 0.6335213 2.362046 1

-0.01745512 -0.6423225 -0.7662356 0
-0.09178361 0.7641461 -0.63848 0
0.995626 0.05918317 -0.07229293 0
3.935473 0.6346328 2.378128 1

-0.8165632 -0.1916058 -0.5445291 0
0.05716646 0.9118277 -0.4065743 0
0.5744185 -0.3631222 -0.7336117 0
3.993622 0.6108732 2.333842 1

-0.08430865 -0.8866071 -0.454775 0
-0.008209421 -0.4557664 0.8900618 0
-0.9964061 0.07877328 0.0311463 0
3.842761 0.8416886 1.871745 1

0.03533499 -0.9545766 -0.2958634 0
0.0004760253 -0.2960322 0.955178 0
-0.9993756 -0.03389208 -0.0100061 0
3.842665 0.8894478 1.910128 1

0.07464746 0.9761741 0.2037462 0
-0.02026982 -0.2027888 0.9790128 0
0.9970043 -0.07721067 0.004649408 0
3.835369 0.7789587 1.793944 1

-0.007449766 -0.9533964 -0.3016294 0
0.0420793 -0.3016695 0.9524837 0
-0.9990867 -0.005596619 0.04236539 0
3.836665 1.051423 1.96019 1

0.2220098 0.9117237 0.3456476 0
0.9704753 -0.1723399 -0.1687515 0
-0.09428595 0.3729068 -0.9230661 0
3.747988 0.588504 1.750276 1

-0.007326877 -0.227943 -0.9736471 0
-0.1264276 0.9660711 -0.2252179 0
0.9919487 0.1214458 -0.03589635 0
3.721362 0.8504931 1.875402 1

-0.05164915 0.9072558 0.4173966 0
0.9846395 -0.02353995 0.1730074 0
0.1667872 0.4199208 -0.8921036 0
3.89279 0.5772902 1.750951 1

0.02410611 -0.02240032 -0.9994586 0
0.1010242 0.9946861 -0.01985699 0
0.9945922 -0.1004907 0.02624119 0
3.964894 0.8324692 1.868534 1

0.8825969 0.3642025 -0.2972872 0
-0.1022475 0.7659169 0.6347576 0
0.4588775 -0.5298381 0.7132346 0
3.684266 1.091984 1.8532 1

0.005572995 -0.9996656 0.02526063 0
0.02541282 0.02539444 0.9993545 0
-0.9996616 -0.004927499 0.02554563 0
3.836595 1.20253 1.978451 1

-0.1260903 0.9207607 -0.3691903 0
-0.01178443 0.3707441 0.9286605 0
0.9919487 0.1214458 -0.03589636 0
3.722333 0.8807021 2.004439 1

-0.2522987 0.6068411 0.7537172 0
0.957576 0.04447641 0.2847291 0
0.1392625 0.7935782 -0.5923174 0
3.908084 0.3086475 1.627358 1

0.3515199 0.6108182 0.7094613 0
0.9361628 -0.224655 -0.2704254 0
-0.005796886 0.7592311 -0.6507956 0
3.68225 0.3185383 1.647928 1

-0.9086126 0.3541686 -0.2213325 0
0.1470437 0.7673135 0.6241864 0
0.3908984 0.5345981 -0.7492688 0
3.978998 1.093636 1.840702 1

0.1021432 0.9006591 -0.4223514 0
0.0188082 0.4227475 0.9060526 0
0.9945922 -0.1004908 0.02624121 0
3.961699 0.8354379 2.000992 1

0.7481573 -0.2680415 -0.606972 0
0.48119 0.849031 0.2181819 0
0.4568562 -0.4553031 0.7641872 0
3.428593 0.9864818 1.939318 1

0.0007779037 -0.9594789 -0.2817799 0
0.02040996 -0.2817062 0.9592838 0
-0.9997915 -0.00649738 0.01936357 0
3.836193 1.274328 1.976587 1

-0.04950565 0.1109668 -0.9925906 0
-0.1165626 0.9863761 0.1160857 0
0.9919487 0.1214458 -0.03589638 0
3.742401 0.7341557 2.063199 1

-0.7926686 -0.2781345 -0.542511 0
-0.472115 0.8430627 0.2575911 0
0.3857256 0.4603119 -0.7995805 0
4.242206 0.9910398 1.904818 1

0.05948405 0.3440384 -0.9370698 0
0.08513895 0.933563 0.3481553 0
0.9945922 -0.1004908 0.02624123 0
3.945442 0.6920907 2.068212 1

0.9639463 0.1045474 0.2446996 0
-0.2465659 0.696737 0.6736196 0
-0.100066 -0.7096677 0.6973945 0
3.147507 1.087186 2.167361 1

-0.02597342 -0.9403644 -0.3391761 0
0.04340896 -0.3400316 0.9394118 0
-0.99872 0.009676397 0.04965181 0
3.83614 1.337121 1.994969 1

-0.04146599 0.9870073 -0.1552342 0
-0.09323688 0.1508673 0.9841475 0
0.9947802 0.05528218 0.08576985 0
3.751148 0.7145504 2.238566 1

-0.9414504 0.09252965 0.3242096 0
0.2929537 0.7004864 0.6507685 0
-0.1668888 0.707643 -0.6865784 0
4.540015 1.095537 2.108642 1

0.03149072 0.9843162 -0.1735824 0
0.08452686 0.1704235 0.9817392 0
0.9959238 -0.04558796 -0.07783416 0
3.934933 0.6313072 2.233771 1

0.9415475 0.03967753 0.3345368 0
-0.2681789 0.6892795 0.6730338 0
-0.2038849 -0.7234087 0.6596296 0
2.622993 1.030299 2.034212 1

0.411151 0.6771561 0.6102583 0
-0.9079505 0.363788 0.2080485 0
-0.0811232 -0.6396238 0.7643958 0
3.099341 1.088911 2.140038 1

-0.9110959 0.02848424 0.4112116 0
0.314353 0.6933073 0.6484673 0
-0.2666247 0.7200801 -0.6406221 0
5.052289 1.045188 1.932229 1

-0.3674483 0.6722368 0.6427141 0
0.9174008 0.3755468 0.1316933 0
-0.1528399 0.6380153 -0.754703 0
4.585711 1.097845 2.0774 1

-0.06186292 -0.7282484 -0.6825158 0
0.01225001 -0.684328 0.7290716 0
-0.9980097 0.03674162 0.05125535 0
3.838019 1.426713 2.015294 1

-0.1168291 0.9029597 0.41354 0
0.1547126 0.427855 -0.8905083 0
-0.9810277 -0.04005747 -0.1896853 0
3.758654 0.6833272 2.239365 1

0.570977 0.68424 -0.4536532 0
-0.6774579 0.7048239 0.2104153 0
0.4637202 0.1871885 0.8659819 0
3.730728 0.6840607 2.259982 1

0.1745413 0.2531432 -0.9515537 0
-0.1244225 0.9643118 0.2337146 0
0.976757 0.07760181 0.1998092 0
3.748578 0.6985126 2.273629 1

-0.1174741 -0.01957649 -0.9928833 0
0.04762724 0.9985445 -0.02532312 0
0.9919332 -0.05026308 -0.1163705 0
3.773354 0.6902004 2.264616 1

0.3002194 0.8349158 0.4612857 0
-0.0100188 0.4863273 -0.8737198 0
-0.9538179 0.2576859 0.1543694 0
3.927771 0.6000212 2.235107 1

0.4089738 0.1509396 -0.8999768 0
-0.04518665 0.9883659 0.1452296 0
0.911427 -0.01872818 0.4110363 0
3.912821 0.6072017 2.260123 1

-0.0627279 0.2623786 -0.9629245 0
-0.04464197 0.9631211 0.2653401 0
0.997032 0.05963111 -0.04870127 0
3.937437 0.6159627 2.269148 1

-0.6546791 0.3785579 -0.654286 0
0.4711291 0.8812264 0.03844941 0
0.5911289 -0.2830808 -0.7552696 0
3.955539 0.6014601 2.255899 1

0.3865264 0.669981 0.633817 0
-0.9208069 0.3191498 0.2241842 0
-0.05208323 -0.6702759 0.7402824 0
2.928501 0.8075415 1.886465 1

-0.341379 0.6684175 0.6608181 0
0.9321261 0.3311436 0.1465855 0
-0.1208452 0.6660056 -0.7360934 0
4.738391 0.8185201 1.810342 1

-0.02401738 0.530051 -0.8476257 0
0.05831257 0.8471696 0.5281135 0
0.9980096 -0.03674328 -0.0512552 0
3.839841 1.411705 2.061538 1

0.006223877 0.9714094 -0.2373304 0
0.1937686 -0.234008 -0.9527302 0
-0.9810277 -0.04005747 -0.1896853 0
3.765642 0.6293191 2.21463 1

-0.1088175 -0.8085073 -0.5783386 0
-0.06501749 0.5863364 -0.8074548 0
0.9919332 -0.05026308 -0.1163705 0
3.782485 0.6917223 2.341799 1

0.2039119 -0.6237373 -0.7545677 0
0.06607243 0.7777728 -0.6250639 0
0.976757 0.07760181 0.1998092 0
3.734503 0.6780989 2.350363 1

0.8673244 0.2115003 -0.4505733 0
-0.267923 0.9612787 -0.06450793 0
0.4194829 0.1766681 0.8904061 0
3.69119 0.6366792 2.291396 1

0.229509 0.956717 -0.178939 0
-0.193798 -0.1352457 -0.9716747 0
-0.9538179 0.2576859 0.1543694 0
3.909814 0.550083 2.207516 1

0.4154754 -0.3036607 -0.8574212 0
0.1211078 0.9527055 -0.278722 0
0.9015063 0.01196171 0.4326013 0
3.881029 0.5954683 2.330083 1

-0.01317411 -0.4910928 -0.871008 0
-0.07585604 0.8690645 -0.4888495 0
0.997032 0.05963111 -0.04870127 0
3.942496 0.5948044 2.346799 1

-0.8012529 -0.09867845 -0.5901334 0
0.09252664 0.9540067 -0.2851511 0
0.5911289 -0.2830808 -0.7552696 0
4.000873 0.5752461 2.301206 1

-0.09983312 -0.8995575 -0.4252407 0
-0.01035518 -0.4264133 0.9044692 0
-0.9949504 0.09469944 0.03325516 0
3.841004 0.8957118 1.803554 1

0.04006364 -0.9656893 -0.2565916 0
-9.630527E-05 -0.2568015 0.9664642 0
-0.9991972 -0.03869532 -0.01038134 0
3.840972 0.9447031 1.840365 1

0.07611692 0.9729775 0.2179935 0
-0.02323673 -0.2168373 0.9759312 0
0.9968283 -0.07935037 0.006103754 0
3.832278 0.8306036 1.727874 1

-0.009413856 -0.9417777 -0.3361043 0
0.04403333 -0.3361835 0.9407666 0
-0.9989857 -0.005943533 0.04463445 0
3.83417 1.108567 1.883766 1

0.2133791 0.9229811 0.3202738 0
0.971525 -0.1659024 -0.1691627 0
-0.1029997 0.3472497 -0.9320992 0
3.744621 0.640981 1.681239 1

-0.02710297 -0.1121919 -0.993317 0
-0.0931806 0.9896391 -0.1092342 0
0.9952806 0.08959725 -0.03727635 0
3.719702 0.9065542 1.807502 1

-0.07477745 0.9241339 0.3746801 0
0.9775795 -0.006233089 0.2104757 0
0.1968432 0.3820183 -0.902948 0
3.889397 0.6294564 1.682126 1

0.03351379 0.03601062 -0.9987893 0
0.06666904 0.9970441 0.03818482 0
0.9972121 -0.06786807 0.03101387 0
3.962915 0.884541 1.800003 1

0.7128372 0.4643587 -0.5255803 0
-0.05455456 0.7838485 0.6185511 0
0.6992048 -0.4122534 0.584089 0
