MeshAnim
1
60
32
60
1 0 0 0
0 1 0 0
0 0 1 0
0 0 0 1

1 0 0 0
0 1 0 0
0 0 1 0
0 0.6120117 0 1

1 4.846955E-08 1.129147E-07 0
-1.036908E-08 0.9489247 -0.3155026 0
-1.224398E-07 0.3155026 0.9489247 0
0 0.6136056 -0.0191463 1

1 0 0 0
0 0.9758533 -0.2184272 0
0 0.2184272 0.9758533 0
0 0.6136056 0.01883045 1

1 0 0 0
0 1 0 0
0 0 1 0
0.01374884 0.6136056 0.00288716 1

1 1.303592E-07 2.774975E-08 0
-5.601569E-08 0.2221504 0.9750124 0
1.209372E-07 -0.9750124 0.2221504 0
0.01846046 0.5981678 -0.01250555 1

1 -7.45685E-06 1.49137E-05 0
9.70189E-06 -0.4672159 -0.8841432 0
1.356084E-05 0.8841432 -0.4672159 0
-0.0184605 0.598168 -0.0125056 1

1 0 0 0
0 -1 8.742278E-08 0
0 -8.742278E-08 -1 0
-0.0137488 0.613606 0.00288716 1

1 1.20821E-07 1.111082E-07 0
-1.111214E-07 0.9965076 -0.08350123 0
-1.208088E-07 0.08350123 0.9965076 0
1.176251E-08 0.5949026 -0.1152896 1

0.9999991 0.001055946 -0.0007915948 0
-0.00131676 0.7582274 -0.6519889 0
-8.825651E-05 0.6519894 0.7582281 0
0.0005154166 0.638595 0.05531102 1

0.9979616 0.06381687 3.57743E-07 0
-0.06381687 0.9979616 -2.108687E-09 0
-3.571484E-07 -2.072565E-08 1 0
0.05219693 0.6325471 0.01131879 1

0.9977864 0.04055751 -0.05270043 0
0.05003116 0.06423121 0.9966801 0
0.04380787 -0.9971105 0.06205988 0
0.0317044 0.629555 -0.04928605 1

1 -7.460741E-06 1.491293E-05 0
1.197684E-05 -0.3009015 -0.9536552 0
1.16023E-05 0.9536552 -0.3009015 0
-0.03170359 0.6189522 -0.05616345 1

0.9973269 -0.07306991 -1.728512E-07 0
-0.07306991 -0.9973269 7.883521E-08 0
-1.781496E-07 -6.599426E-08 -1 0
-0.0521969 0.632547 0.0113188 1

0.999999 0.001354717 -0.0001310519 0
-0.00135624 0.9837607 -0.1794802 0
-0.0001142212 0.1794802 0.9837615 0
2.673045E-08 0.5662996 -0.2189011 1

0.9999991 0.001055946 -0.0007915948 0
-0.001265335 0.9375716 -0.3477899 0
0.0003749293 0.3477907 0.9375722 0
0.002146796 0.6663663 0.06572855 1

0.9711523 0.2311116 -0.05874204 0
-0.2292549 0.9726748 0.03668575 0
0.06561541 -0.02216055 0.9975989 0
0.1417024 0.6702408 0.02242266 1

0.9977864 0.04055751 -0.05270043 0
0.05003116 0.06423121 0.9966801 0
0.04380787 -0.9971105 0.06205988 0
0.03622568 0.6283543 -0.08707038 1

1 -7.460741E-06 1.491293E-05 0
1.197684E-05 -0.3009015 -0.9536552 0
1.16023E-05 0.9536552 -0.3009015 0
-0.03815693 0.6085711 -0.09222092 1

0.9702067 -0.2346773 0.06021208 0
-0.2327355 -0.9718147 -0.03755543 0
0.06732839 0.02242304 -0.9974788 0
-0.1413485 0.6710693 0.02242261 1

0.9999991 0.001055946 -0.0007915948 0
-0.001265335 0.9375716 -0.3477899 0
0.0003749293 0.3477907 0.9375722 0
-6.082072E-05 0.6870672 0.1320876 1

0.9999991 0.001055946 -0.0007915948 0
-0.001265335 0.9375716 -0.3477899 0
0.0003749293 0.3477907 0.9375722 0
0.004834601 0.7054551 0.08240643 1

0.8710515 0.4896055 -0.03944293 0
-0.4882101 0.8718026 0.04013874 0
0.05403858 -0.01570647 0.9984154 0
0.2373245 0.7170738 0.03333316 1

0.9977864 0.04055751 -0.05270043 0
0.05003116 0.06423121 0.9966801 0
0.04380787 -0.9971105 0.06205988 0
0.03844897 0.6138985 -0.1219796 1

1 -7.460741E-06 1.491293E-05 0
1.667297E-05 0.4615667 -0.8871055 0
-2.648466E-07 0.8871055 0.4615667 0
-0.04162845 0.5860831 -0.122466 1

0.8499075 -0.5259169 0.03269038 0
-0.525006 -0.8504694 -0.03272084 0
0.04501062 0.01064704 -0.9989298 0
-0.2368177 0.7182453 0.03320063 1

0.9999991 0.001055946 -0.0007915948 0
-0.001265335 0.9375716 -0.3477899 0
0.0003749293 0.3477907 0.9375722 0
-0.005353874 0.6789961 0.1794612 1

0.9999991 0.001055946 -0.0007915948 0
-0.001265335 0.9375716 -0.3477899 0
0.0003749293 0.3477907 0.9375722 0
-0.001042401 0.7163472 0.03618756 1

0.9827558 -0.1762359 -0.05596347 0
0.1768356 0.9842227 0.00591236 0
0.05403854 -0.01570674 0.9984154 0
0.3290669 0.7786829 0.01581289 1

0.9898241 0.134644 0.04603568 0
0.1349901 -0.9908369 -0.004478285 0
0.04501088 0.01064708 -0.9989298 0
-0.3260371 0.7836324 0.01636036 1

0.05794027 0.9982409 0.01256831 0
-0.9968565 0.05716926 0.05485271 0
0.0540377 -0.01570698 0.9984154 0
0.4420476 0.7533426 -0.009009803 1

0.01554931 -0.9998296 -0.009956582 0
-0.9988655 -0.01508452 -0.04516799 0
0.0450101 0.01064762 -0.9989298 0
-0.4402233 0.7630275 -0.007303969 1

1 0 0 0
0 1 0 0
0 0 1 0
0 -0.00019 0 1

1 0 0 0
0 1 0 0
0 0 1 0
0 0.6118217 0 1

1 4.846949E-08 1.129161E-07 0
-1.037516E-08 0.9489417 -0.3154515 0
-1.224406E-07 0.3154515 0.9489417 0
0 0.6134155 -0.0191463 1

1 2.651532E-12 2.135703E-09 0
4.638662E-10 0.9758576 -0.2184076 0
-2.084722E-09 0.2184076 0.9758576 0
0 0.6134155 0.01883045 1

1 0 0 0
0 1 0 0
0 0 1 0
0.01374884 0.6134155 0.00288716 1

1 1.303592E-07 2.774975E-08 0
-5.601569E-08 0.2221504 0.9750124 0
1.209372E-07 -0.9750124 0.2221504 0
0.01846046 0.5979778 -0.01250555 1

0.9999999 -0.0001818484 -0.0002521556 0
-0.0003079041 -0.467216 -0.8841434 0
4.296892E-05 0.8841434 -0.467216 0
-0.0184605 0.597978 -0.0125056 1

1 0 0 0
0 -1 8.742278E-08 0
0 -8.742278E-08 -1 0
-0.0137488 0.613416 0.00288716 1

1 1.214374E-07 1.13011E-07 0
-1.111988E-07 0.9962463 -0.08656448 0
-1.23099E-07 0.08656448 0.9962463 0
1.176251E-08 0.5947178 -0.1152906 1

0.9999992 0.001043533 -0.0007797687 0
-0.001299897 0.7601689 -0.6497242 0
-8.525284E-05 0.6497247 0.7601696 0
0.0005154166 0.6384043 0.05531152 1

0.9988427 0.04809785 3.63563E-07 0
-0.04809785 0.9988427 6.571979E-10 0
-3.631107E-07 -1.814304E-08 1 0
0.05219693 0.6323571 0.01131879 1

0.9982221 0.03595485 -0.04753753 0
0.04451247 0.08070786 0.9957434 0
0.03963846 -0.9960891 0.07896395 0
0.0317044 0.629365 -0.04928605 1

0.9999999 -0.0001818523 -0.0002521564 0
-0.000297 -0.3190691 -0.9477317 0
9.189186E-05 0.9477317 -0.3190691 0
-0.03171163 0.6187644 -0.05615993 1

0.9982723 -0.05875701 -1.75624E-07 0
-0.05875701 -0.9982723 7.108255E-08 0
-1.794972E-07 -6.064059E-08 -1 0
-0.0521969 0.632357 0.0113188 1

0.999999 0.001421856 -0.0001401587 0
-0.001421529 0.9803002 -0.1975082 0
-0.0001434307 0.1975082 0.9803012 0
2.697391E-08 0.5657963 -0.2188137 1

0.9999994 0.0009266787 -0.0006615912 0
-0.001092463 0.9446278 -0.3281419 0
0.0003208755 0.3281424 0.9446282 0
0.002147115 0.6661443 0.06581187 1

0.9660589 0.2530005 -0.05216243 0
-0.2514808 0.9672651 0.03399583 0
0.05905586 -0.01972413 0.9980597 0
0.1422848 0.668637 0.02242266 1

0.9982221 0.03595485 -0.04753753 0
0.04451247 0.08070786 0.9957434 0
0.03963846 -0.9960891 0.07896395 0
0.03643946 0.6275156 -0.08701798 1

0.9999999 -0.0001818523 -0.0002521564 0
-0.000297 -0.3190691 -0.9477317 0
9.189186E-05 0.9477317 -0.3190691 0
-0.03817648 0.6076974 -0.09201073 1

0.9648386 -0.2573376 0.0535153 0
-0.2557476 -0.9661166 -0.03481152 0
0.06066034 0.01990109 -0.99796 0
-0.1418919 0.6695966 0.02242261 1

0.9999994 0.0009266787 -0.0006615912 0
-0.001092463 0.9446278 -0.3281419 0
0.0003208755 0.3281424 0.9446282 0
-6.488898E-05 0.6854557 0.1325883 1

0.9999994 0.0009266787 -0.0006615912 0
-0.001092463 0.9446278 -0.3281419 0
0.0003208755 0.3281424 0.9446282 0
0.004838672 0.7048761 0.08330239 1

0.8686827 0.4941002 -0.03543191 0
-0.4929582 0.869289 0.03645453 0
0.04881275 -0.01420097 0.9987069 0
0.2367421 0.7176349 0.03395395 1

0.9982221 0.03595485 -0.04753753 0
0.04451247 0.08070786 0.9957434 0
0.03963846 -0.9960891 0.07896395 0
0.03880931 0.6124696 -0.1216672 1

0.9999999 -0.0001818523 -0.0002521564 0
-0.0001450333 0.4445317 -0.8957633 0
0.0002749881 0.8957633 0.4445317 0
-0.04165999 0.5846362 -0.1218197 1

0.8515209 -0.5234738 0.02978875 0
-0.5227187 -0.8519859 -0.02975312 0
0.04095457 0.009764271 -0.9991133 0
-0.2361474 0.7190113 0.03383253 1

0.9999994 0.0009266787 -0.0006615912 0
-0.001092463 0.9446278 -0.3281419 0
0.0003208755 0.3281424 0.9446282 0
-0.005364348 0.6763983 0.1797826 1

0.9999994 0.0009266787 -0.0006615912 0
-0.001092463 0.9446278 -0.3281419 0
0.0003208755 0.3281424 0.9446282 0
-0.001031648 0.7167314 0.03732035 1

0.9956108 -0.06626865 -0.06608731 0
0.06787307 0.997444 0.02233294 0
0.06443842 -0.02672047 0.9975638 0
0.3282536 0.7797009 0.01684375 1

0.9955984 0.07845699 0.05126563 0
0.07921501 -0.9967738 -0.01292206 0
0.05008641 0.01692619 -0.9986013 0
-0.3256191 0.7841284 0.0172868 1

-0.04631995 0.9985035 0.02907516 0
-0.9968241 -0.04809037 0.06347563 0
0.06477887 -0.02604263 0.9975597 0
0.4431035 0.7673481 -0.009230603 1

-0.03486808 -0.9992299 -0.01800377 0
-0.9981182 0.03572733 -0.04984038 0
0.05044521 0.01623205 -0.9985949 0
-0.4406724 0.7701756 -0.007025976 1

1 0 0 0
0 1 0 0
0 0 1 0
0 -0.0007200005 0 1

1 0 0 0
0 1 0 0
0 0 1 0
0 0.6112917 0 1

1 4.84693E-08 1.129198E-07 0
-1.039068E-08 0.9489852 -0.3153208 0
-1.224426E-07 0.3153208 0.9489852 0
0 0.6128855 -0.0191463 1

1 1.221068E-11 8.232113E-09 0
1.785441E-09 0.9758739 -0.2183348 0
-8.03617E-09 0.2183348 0.9758739 0
0 0.6128855 0.01883045 1

1 0 0 0
0 1 0 0
0 0 1 0
0.01374884 0.6128855 0.00288716 1

1 1.303592E-07 2.774975E-08 0
-5.601569E-08 0.2221504 0.9750124 0
1.209372E-07 -0.9750124 0.2221504 0
0.01846046 0.5974478 -0.01250555 1

0.9999998 -0.000344952 -0.0004978153 0
-0.0006013071 -0.4672159 -0.8841432 0
7.239977E-05 0.8841433 -0.467216 0
-0.0184605 0.597448 -0.0125056 1

1 0 0 0
0 -1 8.742278E-08 0
0 -8.742278E-08 -1 0
-0.0137488 0.612886 0.00288716 1

1 1.22149E-07 1.152683E-07 0
-1.112694E-07 0.9959348 -0.09007718 0
-1.258026E-07 0.09007718 0.9959348 0
1.176251E-08 0.594201 -0.1152932 1

0.9999992 0.00102896 -0.0007659182 0
-0.001280118 0.7624677 -0.6470251 0
-8.177516E-05 0.6470256 0.7624683 0
0.0005154163 0.6378715 0.05531338 1

0.9995418 0.03026733 3.726378E-07 0
-0.03026733 0.9995418 8.587383E-09 0
-3.722072E-07 -1.98622E-08 1 0
0.05219693 0.6318271 0.01131879 1

0.9986293 0.03120442 -0.04202052 0
0.03877997 0.09804621 0.9944261 0
0.03515045 -0.9946926 0.09670172 0
0.0317044 0.628835 -0.04928605 1

0.9999998 -0.0003449559 -0.0004978161 0
-0.0005851647 -0.3383128 -0.9410336 0
0.0001561976 0.9410337 -0.3383129 0
-0.03171896 0.6182366 -0.05615667 1

0.9991199 -0.04194586 -1.808417E-07 0
-0.04194586 -0.9991199 5.954298E-08 0
-1.831801E-07 -5.190501E-08 -1 0
-0.0521969 0.631827 0.0113188 1

0.9999989 0.001499872 -0.0001528165 0
-0.001496827 0.9755993 -0.2195537 0
-0.0001802146 0.2195536 0.9756004 0
2.726091E-08 0.5649147 -0.2187136 1

0.9999996 0.0007724444 -0.0005121394 0
-0.0008919705 0.9521963 -0.3054858 0
0.0002516864 0.3054861 0.9521965 0
0.002147487 0.6655741 0.06591203 1

0.961183 0.2720831 -0.04580505 0
-0.2708644 0.9621147 0.03110872 0
0.05253387 -0.01749421 0.9984659 0
0.1429178 0.6664937 0.02242266 1

0.9986293 0.03120442 -0.04202052 0
0.03877997 0.09804621 0.9944261 0
0.03515045 -0.9946926 0.09670172 0
0.03666138 0.6263032 -0.08694981 1

0.9999998 -0.0003449559 -0.0004978161 0
-0.0005851647 -0.3383128 -0.9410336 0
0.0001561976 0.9410337 -0.3383129 0
-0.03819456 0.6064424 -0.09177292 1

0.9597403 -0.2769244 0.04702489 0
-0.2756488 -0.9607303 -0.03186188 0
0.05400157 0.01761678 -0.9983854 0
-0.142506 0.6675515 0.02242261 1

0.9999996 0.0007724444 -0.0005121394 0
-0.0008919705 0.9521963 -0.3054858 0
0.0002516864 0.3054861 0.9521965 0
-7.005496E-05 0.6832855 0.1331304 1

0.9999996 0.0007724444 -0.0005121394 0
-0.0008919705 0.9521963 -0.3054858 0
0.0002516864 0.3054861 0.9521965 0
0.004843207 0.7038766 0.08432302 1

0.8666549 0.497916 -0.03144625 0
-0.4969979 0.8671304 0.03283244 0
0.0436158 -0.01282568 0.998966 0
0.2363017 0.7173702 0.03454622 1

0.9986293 0.03120442 -0.04202052 0
0.03877997 0.09804621 0.9944261 0
0.03515045 -0.9946926 0.09670172 0
0.03918137 0.6106406 -0.121314 1

0.9999998 -0.0003449559 -0.0004978161 0
-0.0003033255 0.4261881 -0.9046346 0
0.0005242223 0.9046345 0.4261879 0
-0.04168913 0.5827792 -0.1211049 1

0.8536124 -0.5202175 0.0268239 0
-0.5196014 -0.8539866 -0.02686004 0
0.03688031 0.00899033 -0.9992792 0
-0.2356505 0.718892 0.03443732 1

0.9999996 0.0007724444 -0.0005121394 0
-0.0008919705 0.9521963 -0.3054858 0
0.0002516864 0.3054861 0.9521965 0
-0.005377213 0.6731043 0.1800942 1

0.9999996 0.0007724444 -0.0005121394 0
-0.0008919705 0.9521963 -0.3054858 0
0.0002516864 0.3054861 0.9521965 0
-0.001019107 0.7168279 0.03863652 1

0.9952815 0.05969666 -0.07649065 0
-0.05660504 0.9975141 0.04197028 0
0.07880599 -0.0374425 0.9961866 0
0.3276256 0.7798226 0.01784424 1

0.9981368 -0.008323284 0.06044404 0
-0.006728388 -0.9996251 -0.0265431 0
0.06064231 0.02608695 -0.9978186 0
-0.3254345 0.7836544 0.01819398 1

-0.1648329 0.9851152 0.04876749 0
-0.9831281 -0.1680738 0.07218318 0
0.07930527 -0.03604652 0.9961985 0
0.4428102 0.7823892 -0.009521274 1

-0.1152051 -0.9928385 -0.03162237 0
-0.9914531 0.1168899 -0.057947 0
0.06122832 0.0246763 -0.9978186 0
-0.4410305 0.7799981 -0.007246909 1

1 0 0 0
0 1 0 0
0 0 1 0
0 -0.00153 0 1

1 0 0 0
0 1 0 0
0 0 1 0
0 0.6104817 0 1

1 4.846905E-08 1.129249E-07 0
-1.041159E-08 0.9490437 -0.3151445 0
-1.224454E-07 0.3151445 0.9490437 0
0 0.6120756 -0.0191463 1

1 3.045941E-11 1.782317E-08 0
3.859075E-09 0.9759068 -0.2181879 0
-1.74004E-08 0.2181879 0.9759068 0
0 0.6120756 0.01883045 1

1 0 0 0
0 1 0 0
0 0 1 0
0.01374884 0.6120756 0.00288716 1

1 1.303592E-07 2.774975E-08 0
-5.601569E-08 0.2221504 0.9750124 0
1.209372E-07 -0.9750124 0.2221504 0
0.01846046 0.5966378 -0.01250555 1

0.9999996 -0.0004975493 -0.0007236445 0
-0.0008722683 -0.4672155 -0.8841431 0
0.0001018069 0.8841434 -0.4672158 0
-0.0184605 0.596638 -0.0125056 1

1 0 0 0
0 -1 8.742278E-08 0
0 -8.742278E-08 -1 0
-0.0137488 0.612076 0.00288716 1

1 1.229458E-07 1.17828E-07 0
-1.113255E-07 0.9955721 -0.09400049 0
-1.288633E-07 0.09400049 0.9955721 0
1.176252E-08 0.5934089 -0.1152966 1

0.9999992 0.001012522 -0.0007503252 0
-0.001257822 0.7650873 -0.6439253 0
-7.792415E-05 0.6439258 0.765088 0
0.000515416 0.6370561 0.05531714 1

0.9999447 0.01051019 3.843375E-07 0
-0.01051019 0.9999447 2.104186E-08 0
-3.840952E-07 -2.508016E-08 1 0
0.05219693 0.6310171 0.01131879 1

0.9989963 0.02637503 -0.03620353 0
0.03291167 0.1160406 0.9926991 0
0.03038355 -0.9928943 0.1150561 0
0.0317044 0.628025 -0.04928605 1

0.9999996 -0.0004975532 -0.0007236453 0
-0.000853877 -0.358317 -0.9335997 0
0.0002052211 0.9335999 -0.3583173 0
-0.03172565 0.6174287 -0.05615366 1

0.9997389 -0.02285034 -1.880493E-07 0
-0.02285034 -0.9997389 4.474019E-08 0
-1.890225E-07 -4.043152E-08 -1 0
-0.0521969 0.631017 0.0113188 1

0.9999987 0.001589163 -0.000169798 0
-0.001582341 0.9695333 -0.2449545 0
-0.0002246477 0.2449544 0.9695346 0
2.758537E-08 0.5637153 -0.2186009 1

0.9999998 0.0005963188 -0.00034977 0
-0.000670428 0.9599562 -0.2801493 0
0.0001687056 0.2801495 0.9599564 0
0.002147905 0.6647154 0.06602815 1

0.9565833 0.2887505 -0.03964205 0
-0.2877995 0.9572805 0.02802565 0
0.04604099 -0.0153999 0.9988208 0
0.1435851 0.6638843 0.02242266 1

0.9989963 0.02637503 -0.03620353 0
0.03291167 0.1160406 0.9926991 0
0.03038355 -0.9928943 0.1150561 0
0.03688839 0.6247854 -0.08686492 1

0.9999996 -0.0004975532 -0.0007236453 0
-0.000853877 -0.358317 -0.9335997 0
0.0002052211 0.9335999 -0.3583173 0
-0.03821128 0.604878 -0.09150861 1

0.9549865 -0.2938418 0.04071674 0
-0.2928462 -0.9557285 -0.02870724 0
0.04734953 0.01549129 -0.9987583 0
-0.143172 0.6650097 0.02242262 1

0.9999998 0.0005963188 -0.00034977 0
-0.000670428 0.9599562 -0.2801493 0
0.0001687056 0.2801495 0.9599564 0
-7.621026E-05 0.6806399 0.1336919 1

0.9999998 0.0005963188 -0.00034977 0
-0.000670428 0.9599562 -0.2801493 0
0.0001687056 0.2801495 0.9599564 0
0.004848033 0.7025161 0.08544792 1

0.8650714 0.5008948 -0.02749131 0
-0.5001753 0.8654315 0.02920252 0
0.03841924 -0.0115118 0.9991954 0
0.2359834 0.7163959 0.03511293 1

0.9989963 0.02637503 -0.03620353 0
0.03291167 0.1160406 0.9926991 0
0.03038355 -0.9928943 0.1150561 0
0.03955979 0.6084874 -0.1209208 1

0.9999996 -0.0004975532 -0.0007236453 0
-0.000458669 0.4067865 -0.9135232 0
0.0007488955 0.9135231 0.4067861 0
-0.04171602 0.5805948 -0.1203282 1

0.856231 -0.5160448 0.02379386 0
-0.5155541 -0.8565218 -0.0239649 0
0.03274693 0.008252476 -0.9994296 0
-0.2353061 0.7180076 0.03501755 1

0.9999998 0.0005963188 -0.00034977 0
-0.000670428 0.9599562 -0.2801493 0
0.0001687056 0.2801495 0.9599564 0
-0.005392147 0.669219 0.1803687 1

0.9999998 0.0005963188 -0.00034977 0
-0.000670428 0.9599562 -0.2801493 0
0.0001687056 0.2801495 0.9599564 0
-0.001005175 0.7166744 0.04011979 1

0.9754454 0.2025457 -0.08649603 0
-0.1972925 0.9781492 0.0655733 0
0.0978876 -0.04689814 0.9940919 0
0.3271759 0.7791465 0.01881609 1

0.9877252 -0.1377215 0.07369966 0
-0.134407 -0.9897528 -0.04821 0
0.079584 0.03771249 -0.9961144 0
-0.3254692 0.7823187 0.01908402 1

-0.2978428 0.9518713 0.07232509 0
-0.9495377 -0.3032108 0.08025966 0
0.09832659 -0.04477062 0.9941466 0
0.4404118 0.7986822 -0.0098012 1

-0.2360601 -0.9702575 -0.05362915 0
-0.9684253 0.2394502 -0.06939895 0
0.08017635 0.0355535 -0.9961463 0
-0.4401542 0.7940503 -0.007985812 1

1 0 0 0
0 1 0 0
0 0 1 0
0 -0.002554444 0 1

1 0 0 0
0 1 0 0
0 0 1 0
0 0.6094573 0 1

1 4.846872E-08 1.129303E-07 0
-1.04338E-08 0.949106 -0.3149567 0
-1.224484E-07 0.3149567 0.949106 0
0 0.6110511 -0.0191463 1

1 5.816081E-11 3.044281E-08 0
6.578122E-09 0.9759609 -0.2179459 0
-2.972367E-08 0.2179459 0.9759609 0
0 0.6110511 0.01883045 1

1 0 0 0
0 1 0 0
0 0 1 0
0.01374884 0.6110511 0.00288716 1

1 1.303592E-07 2.774975E-08 0
-5.601569E-08 0.2221504 0.9750124 0
1.209372E-07 -0.9750124 0.2221504 0
0.01846046 0.5956134 -0.01250555 1

0.9999993 -0.0006404224 -0.0009312223 0
-0.001122549 -0.4672155 -0.884143 0
0.0001311435 0.8841435 -0.4672159 0
-0.0184605 0.5956136 -0.0125056 1

1 0 0 0
0 -1 8.742278E-08 0
0 -8.742278E-08 -1 0
-0.0137488 0.6110516 0.00288716 1

1 1.238178E-07 1.206381E-07 0
-1.113601E-07 0.9951573 -0.09829526 0
-1.322246E-07 0.09829526 0.9951573 0
1.176253E-08 0.5924035 -0.1153003 1

0.9999992 0.0009945126 -0.0007332715 0
-0.001233408 0.7679916 -0.6404588 0
-7.379784E-05 0.6404591 0.7679923 0
0.0005154155 0.6360226 0.05532334 1

0.9999397 -0.01098436 3.980361E-07 0
0.01098436 0.9999397 3.737144E-08 0
-3.984225E-07 -3.299701E-08 1 0
0.05219693 0.6299927 0.01131879 1

0.9993136 0.02153202 -0.03014514 0
0.02698305 0.1344833 0.9905484 0
0.02538253 -0.9906819 0.13381 0
0.0317044 0.6270006 -0.04928605 1

0.9999993 -0.0006404263 -0.0009312231 0
-0.001104413 -0.3787706 -0.9254901 0
0.0002399883 0.9254906 -0.378771 0
-0.03173174 0.6164061 -0.05615091 1

0.9999986 -0.001688744 -1.967958E-07 0
-0.001688744 -0.9999986 2.720078E-08 0
-1.968414E-07 -2.68684E-08 -1 0
-0.0521969 0.6299926 0.0113188 1

0.9999986 0.001690073 -0.000191927 0
-0.001678259 0.9620014 -0.2730393 0
-0.0002768224 0.2730392 0.9620029 0
2.794114E-08 0.5622645 -0.2184756 1

0.9999999 0.0004017083 -0.0001808614 0
-0.0004343574 0.9676031 -0.2524761 0
7.358035E-05 0.2524761 0.9676031 0
0.00214836 0.6636332 0.06615934 1

0.9522717 0.3033919 -0.03364633 0
-0.3026771 0.952772 0.02474253 0
0.03956396 -0.01337764 0.9991274 0
0.1442704 0.660888 0.02242267 1

0.9993136 0.02153202 -0.03014514 0
0.02698305 0.1344833 0.9905484 0
0.02538253 -0.9906819 0.13381 0
0.03711757 0.6230358 -0.08676296 1

0.9999993 -0.0006404263 -0.0009312231 0
-0.001104413 -0.3787706 -0.9254901 0
0.0002399883 0.9254906 -0.378771 0
-0.03822673 0.6030815 -0.09121976 1

0.950599 -0.3084908 0.03456736 0
-0.3077422 -0.9511322 -0.02534365 0
0.04069641 0.01345381 -0.999081 0
-0.143871 0.6620525 0.02242262 1

0.9999999 0.0004017083 -0.0001808614 0
-0.0004343574 0.9676031 -0.2524761 0
7.358035E-05 0.2524761 0.9676031 0
-8.32244E-05 0.6776092 0.134252 1

0.9999999 0.0004017083 -0.0001808614 0
-0.0004343574 0.9676031 -0.2524761 0
7.358035E-05 0.2524761 0.9676031 0
0.004852989 0.7008603 0.08665669 1

0.8640345 0.5028809 -0.02356395 0
-0.5023373 0.8642955 0.02550238 0
0.03319088 -0.01019789 0.9993969 0
0.2357625 0.7148325 0.03565681 1

0.9993136 0.02153202 -0.03014514 0
0.02698305 0.1344833 0.9905484 0
0.02538253 -0.9906819 0.13381 0
0.03993946 0.6060916 -0.1204897 1

0.9999993 -0.0006404263 -0.0009312231 0
-0.0006112404 0.3865895 -0.9222519 0
0.0009506352 0.9222519 0.3865889 0
-0.04174082 0.5781705 -0.1194973 1

0.8594213 -0.5108495 0.02068802 0
-0.5104727 -0.8596376 -0.02099752 0
0.02851077 0.007485041 -0.9995655 0
-0.2350877 0.7164822 0.03557559 1

0.9999999 0.0004017083 -0.0001808614 0
-0.0004343574 0.9676031 -0.2524761 0
7.358035E-05 0.2524761 0.9676031 0
-0.005408794 0.664854 0.1805809 1

0.9999999 0.0004017083 -0.0001808614 0
-0.0004343574 0.9676031 -0.2524761 0
7.358035E-05 0.2524761 0.9676031 0
-0.0009902501 0.7163152 0.04175279 1

0.9294837 0.3565186 -0.09462911 0
-0.3483158 0.9327607 0.09291642 0
0.1213928 -0.05340348 0.9911669 0
0.326893 0.7777762 0.01976187 1

0.95276 -0.291106 0.08663355 0
-0.2850142 -0.9554918 -0.07617401 0
0.1049523 0.04788377 -0.9933237 0
-0.3257032 0.780233 0.01995987 1

-0.4391274 0.8929101 0.09939279 0
-0.8901678 -0.4473853 0.08630236 0
0.1215271 -0.05057853 0.9912987 0
0.4350983 0.8156601 -0.009892296 1

-0.377815 -0.9222601 -0.08180715 0
-0.9198754 0.3839437 -0.08010519 0
0.1052871 0.04498745 -0.9934238 0
-0.4366068 0.8102545 -0.008713607 1

1 0 0 0
0 1 0 0
0 0 1 0
0 -0.003745555 0 1

1 0 0 0
0 1 0 0
0 0 1 0
0 0.6082662 0 1

1 4.846836E-08 1.129353E-07 0
-1.045324E-08 0.9491609 -0.3147912 0
-1.224512E-07 0.3147912 0.9491609 0
0 0.60986 -0.0191463 1

1 9.491119E-11 4.562498E-08 0
9.834798E-09 0.9760408 -0.2175877 0
-4.455249E-08 0.2175877 0.9760408 0
0 0.60986 0.01883045 1

1 0 0 0
0 1 0 0
0 0 1 0
0.01374884 0.60986 0.00288716 1

1 1.303592E-07 2.774975E-08 0
-5.601569E-08 0.2221504 0.9750124 0
1.209372E-07 -0.9750124 0.2221504 0
0.01846046 0.5944222 -0.01250555 1

0.999999 -0.0007743523 -0.001122128 0
-0.001353911 -0.4672152 -0.8841426 0
0.0001603631 0.8841434 -0.4672158 0
-0.0184605 0.5944225 -0.0125056 1

1 0 0 0
0 -1 8.742278E-08 0
0 -8.742278E-08 -1 0
-0.0137488 0.6098605 0.00288716 1

1 1.247548E-07 1.236464E-07 0
-1.113663E-07 0.9946894 -0.1029223 0
-1.358299E-07 0.1029223 0.9946894 0
1.176256E-08 0.5912291 -0.1153036 1

0.9999993 0.000975229 -0.0007150389 0
-0.001207279 0.7711444 -0.6366591 0
-6.949021E-05 0.6366595 0.771145 0
0.0005154149 0.634818 0.0553325 1

0.9994211 -0.03402233 4.131213E-07 0
0.03402233 0.9994211 5.690995E-08 0
-4.148184E-07 -4.282165E-08 1 0
0.05219693 0.6288015 0.01131879 1

0.9995741 0.0167367 -0.0239085 0
0.02106653 0.1531646 0.9879762 0
0.02019739 -0.988059 0.1527468 0
0.0317044 0.6258094 -0.04928605 1

0.999999 -0.0007743562 -0.001122128 0
-0.00133801 -0.3993669 -0.9167902 0
0.0002617814 0.9167909 -0.3993676 0
-0.03173728 0.6152167 -0.05614837 1

0.9997728 0.02131524 -2.066427E-07 0
0.02131524 -0.9997728 7.460898E-09 0
-2.064368E-07 -1.186385E-08 -1 0
-0.0521969 0.6288015 0.0113188 1

0.9999983 0.001802896 -0.0002200468 0
-0.001784771 0.952947 -0.3031319 0
-0.0003368223 0.3031318 0.9529486 0
2.832215E-08 0.5606106 -0.2183375 1

1 0.0001924462 -1.153411E-05 0
-0.0001901777 0.9748576 -0.222829 0
-3.163845E-05 0.222829 0.9748576 0
0.002148844 0.6623747 0.06630471 1

0.948221 0.316393 -0.02779212 0
-0.3158833 0.94856 0.02125023 0
0.03308592 -0.01137085 0.9993878 0
0.1449579 0.6575671 0.02242267 1

0.9995741 0.0167367 -0.0239085 0
0.02106653 0.1531646 0.9879762 0
0.02019739 -0.988059 0.1527468 0
0.0373461 0.6211106 -0.08664421 1

0.999999 -0.0007743562 -0.001122128 0
-0.00133801 -0.3993669 -0.9167902 0
0.0002617814 0.9167909 -0.3993676 0
-0.03824101 0.6011122 -0.09090921 1

0.9465578 -0.3212678 0.02855452 0
-0.3207339 -0.9469193 -0.02176262 0
0.03403045 0.01144117 -0.9993553 0
-0.1445842 0.658744 0.02242262 1

1 0.0001924462 -1.153411E-05 0
-0.0001901777 0.9748576 -0.222829 0
-3.163845E-05 0.222829 0.9748576 0
-9.093969E-05 0.6742666 0.1347919 1

1 0.0001924462 -1.153411E-05 0
-0.0001901777 0.9748576 -0.222829 0
-3.163845E-05 0.222829 0.9748576 0
0.00485793 0.6989584 0.08792905 1

0.8636435 0.5037197 -0.01965304 0
-0.5033306 0.863822 0.02167699 0
0.02789586 -0.008829211 0.9995718 0
0.2356107 0.7127825 0.03618034 1

0.9995741 0.0167367 -0.0239085 0
0.02106653 0.1531646 0.9879762 0
0.02019739 -0.988059 0.1527468 0
0.04031557 0.6035168 -0.120024 1

0.999999 -0.0007743562 -0.001122128 0
-0.0007610082 0.365874 -0.930664 0
0.001131223 0.9306641 0.3658731 0
-0.04176369 0.5755756 -0.118622 1

0.8632214 -0.5045226 0.01748781 0
-0.5042487 -0.8633731 -0.0178942 0
0.02412653 0.006628452 -0.999687 0
-0.2349649 0.7144216 0.03611357 1

1 0.0001924462 -1.153411E-05 0
-0.0001901777 0.9748576 -0.222829 0
-3.163845E-05 0.222829 0.9748576 0
-0.005426757 0.6601047 0.1807091 1

1 0.0001924462 -1.153411E-05 0
-0.0001901777 0.9748576 -0.222829 0
-3.163845E-05 0.222829 0.9748576 0
-0.0009747291 0.7157778 0.0435168 1

0.8571333 0.5054742 -0.09908809 0
-0.4937443 0.8610703 0.1215501 0
0.1467623 -0.05526047 0.987627 0
0.3267612 0.7757967 0.0206848 1

0.8883029 -0.4491287 0.09592315 0
-0.439269 -0.8918504 -0.1079154 0
0.134017 0.05372552 -0.9895216 0
-0.3261116 0.7774907 0.02082518 1

-0.5731289 0.8095023 0.1273943 0
-0.8062868 -0.5848241 0.08878265 0
0.146373 -0.05183242 0.9878706 0
0.4267888 0.8314918 -0.009572122 1

-0.5211519 -0.8459027 -0.1133548 0
-0.8429046 0.5309721 -0.08706682 0
0.1338383 0.05017224 -0.9897323 0
-0.4297375 0.8264151 -0.009026776 1

1 0 0 0
0 1 0 0
0 0 1 0
0 -0.005040001 0 1

1 0 0 0
0 1 0 0
0 0 1 0
0 0.6069717 0 1

1 4.8468E-08 1.129389E-07 0
-1.046584E-08 0.9491971 -0.3146821 0
-1.224533E-07 0.3146821 0.9491971 0
0 0.6085656 -0.0191463 1

1 1.390887E-10 6.290368E-08 0
1.352014E-08 0.976151 -0.2170924 0
-6.14337E-08 0.2170924 0.976151 0
0 0.6085656 0.01883045 1

1 0 0 0
0 1 0 0
0 0 1 0
0.01374884 0.6085656 0.00288716 1

1 1.303592E-07 2.774975E-08 0
-5.601569E-08 0.2221504 0.9750124 0
1.209372E-07 -0.9750124 0.2221504 0
0.01846046 0.5931278 -0.01250555 1

0.9999987 -0.0009001216 -0.001297939 0
-0.001568115 -0.4672151 -0.8841423 0
0.000189419 0.8841433 -0.4672159 0
-0.0184605 0.593128 -0.0125056 1

1 0 0 0
0 -1 8.742278E-08 0
0 -8.742278E-08 -1 0
-0.0137488 0.608566 0.00288716 1

1 1.257463E-07 1.268011E-07 0
-1.113384E-07 0.9941679 -0.1078425 0
-1.396224E-07 0.1078425 0.9941679 0
1.17626E-08 0.5899458 -0.1153057 1

0.9999993 0.0009549692 -0.0006959068 0
-0.001179837 0.7745097 -0.6325609 0
-6.508964E-05 0.6325613 0.7745103 0
0.0005154143 0.6335051 0.05534516 1

0.998293 -0.05840489 4.290044E-07 0
0.05840489 0.998293 7.896826E-08 0
-4.328842E-07 -5.377751E-08 1 0
0.05219693 0.6275071 0.01131879 1

0.9997732 0.01204577 -0.01756121 0
0.0152309 0.1718747 0.9850011 0
0.01488342 -0.9850452 0.1716522 0
0.0317044 0.624515 -0.04928605 1

0.9999987 -0.0009001255 -0.00129794 0
-0.001555908 -0.419809 -0.9076112 0
0.0002720773 0.9076121 -0.4198098 0
-0.03174234 0.613924 -0.05614604 1

0.9989446 0.04593214 -2.171727E-07 0
0.04593214 -0.9989446 -1.392858E-08 0
-2.175833E-07 3.93868E-09 -1 0
-0.0521969 0.627507 0.0113188 1

0.9999981 0.001927875 -0.0002549847 0
-0.001902089 0.9423732 -0.3345579 0
-0.000404695 0.3345578 0.9423751 0
2.872227E-08 0.5588178 -0.2181869 1

1 -2.714616E-05 0.0001524486 0
5.585099E-05 0.9814749 -0.1915907 0
-0.0001444235 0.1915907 0.9814749 0
0.002149349 0.6610032 0.06646337 1

0.944373 0.3281361 -0.02205562 0
-0.3278 0.9445844 0.01753485 0
0.02658721 -0.009329602 0.999603 0
0.1456323 0.6540001 0.02242267 1

0.9997732 0.01204577 -0.01756121 0
0.0152309 0.1718747 0.9850011 0
0.01488342 -0.9850452 0.1716522 0
0.03757133 0.6190811 -0.08650961 1

0.9999987 -0.0009001255 -0.00129794 0
-0.001555908 -0.419809 -0.9076112 0
0.0002720773 0.9076121 -0.4198098 0
-0.03825423 0.5990447 -0.09058085 1

0.9428081 -0.332565 0.02265769 0
-0.3322132 -0.9430335 -0.0179514 0
0.02733696 0.009397543 -0.9995821 0
-0.1452936 0.6551651 0.02242262 1

1 -2.714616E-05 0.0001524486 0
5.585099E-05 0.9814749 -0.1915907 0
-0.0001444235 0.1915907 0.9814749 0
-9.916577E-05 0.6707029 0.1352949 1

1 -2.714616E-05 0.0001524486 0
5.585099E-05 0.9814749 -0.1915907 0
-0.0001444235 0.1915907 0.9814749 0
0.004862726 0.6968772 0.08924513 1

0.8639934 0.5032572 -0.01573952 0
-0.5030004 0.8641053 0.01767846 0
0.02249741 -0.007357094 0.9997199 0
0.2354975 0.710363 0.03668565 1

0.9997732 0.01204577 -0.01756121 0
0.0152309 0.1718747 0.9850011 0
0.01488342 -0.9850452 0.1716522 0
0.04068369 0.6008421 -0.119528 1

0.9999987 -0.0009001255 -0.00129794 0
-0.0009078049 0.344929 -0.9386284 0
0.001292581 0.9386284 0.3449277 0
-0.04178479 0.572894 -0.1177138 1

0.8676621 -0.4969526 0.01416684 0
-0.4967701 -0.8677595 -0.01459801 0
0.01954792 0.005628481 -0.9997931 0
-0.2349041 0.7119464 0.03663328 1

1 -2.714616E-05 0.0001524486 0
5.585099E-05 0.9814749 -0.1915907 0
-0.0001444235 0.1915907 0.9814749 0
-0.005445589 0.6550833 0.1807357 1

1 -2.714616E-05 0.0001524486 0
5.585099E-05 0.9814749 -0.1915907 0
-0.0001444235 0.1915907 0.9814749 0
-0.0009590026 0.7151073 0.04539161 1

0.7654546 0.635766 -0.09940275 0
-0.6203172 0.7701141 0.148765 0
0.1711312 -0.05221164 0.9838639 0
0.3267624 0.7733083 0.02158874 1

0.7968986 -0.5957903 0.09993268 0
-0.5814642 -0.8013251 -0.1406322 0
0.1638659 0.05396231 -0.9850057 0
-0.3266661 0.7741995 0.02168423 1

-0.68755 0.7096975 0.1536376 0
-0.7059416 -0.7028478 0.08747369 0
0.1700637 -0.04831662 0.9842479 0
0.416275 0.8446419 -0.008775193 1

-0.650996 -0.7450273 -0.145392 0
-0.7413812 0.6651653 -0.08893345 0
0.1629675 0.04989558 -0.985369 0
-0.4197886 0.8407336 -0.008720952 1

1 0 0 0
0 1 0 0
0 0 1 0
0 -0.006374446 0 1

1 0 0 0
0 1 0 0
0 0 1 0
0 0.6056373 0 1

1 4.846764E-08 1.129401E-07 0
-1.046752E-08 0.9492033 -0.3146634 0
-1.224541E-07 0.3146634 0.9492033 0
0 0.6072311 -0.0191463 1

1 1.879137E-10 8.18129E-08 0
1.752404E-08 0.9762962 -0.2164389 0
-7.991429E-08 0.2164389 0.9762962 0
0 0.6072311 0.01883045 1

1 0 0 0
0 1 0 0
0 0 1 0
0.01374884 0.6072311 0.00288716 1

1 1.303592E-07 2.774975E-08 0
-5.601569E-08 0.2221504 0.9750124 0
1.209372E-07 -0.9750124 0.2221504 0
0.01846046 0.5917934 -0.01250555 1

0.9999984 -0.001018511 -0.001460237 0
-0.001766923 -0.4672148 -0.8841422 0
0.0002182647 0.8841434 -0.4672159 0
-0.0184605 0.5917936 -0.0125056 1

1 0 0 0
0 -1 8.742278E-08 0
0 -8.742278E-08 -1 0
-0.0137488 0.6072316 0.00288716 1

1 1.267815E-07 1.3005E-07 0
-1.112714E-07 0.9935931 -0.1130167 0
-1.435452E-07 0.1130167 0.9935931 0
1.176266E-08 0.5886132 -0.1153061 1

0.9999993 0.0009340346 -0.0006761522 0
-0.001151486 0.7780522 -0.6281987 0
-6.067771E-05 0.6281991 0.7780527 0
0.0005154136 0.6321462 0.05536185 1

0.9964718 -0.0839286 4.45128E-07 0
0.0839286 0.9964718 1.028299E-07 0
-4.521878E-07 -6.510813E-08 1 0
0.05219693 0.6261727 0.01131879 1

0.9999093 0.007510996 -0.0111751 0
0.00954088 0.1904038 0.9816595 0
0.00950102 -0.9816772 0.1903148 0
0.0317044 0.6231806 -0.04928605 1

0.9999984 -0.001018515 -0.001460238 0
-0.001759379 -0.4398087 -0.8980898 0
0.0002724931 0.898091 -0.4398098 0
-0.03174696 0.6125911 -0.05614389 1

0.9974099 0.07192676 -2.279965E-07 0
0.07192676 -0.9974099 -3.639845E-08 0
-2.30024E-07 1.990514E-08 -1 0
-0.0521969 0.6261726 0.0113188 1

0.9999978 0.002065222 -0.000297514 0
-0.002030479 0.9303555 -0.3666533 0
-0.0004804264 0.3666531 0.9303575 0
2.91354E-08 0.5569501 -0.2180238 1

0.9999999 -0.0002522379 0.000305773 0
0.00029769 0.9872526 -0.1591614 0
-0.0002617287 0.1591614 0.9872525 0
0.002149868 0.6595814 0.06663443 1

0.9406435 0.3389989 -0.01641556 0
-0.3388036 0.9407591 0.01357797 0
0.02004601 -0.00721038 0.999773 0
0.1462796 0.6502663 0.02242267 1

0.9999093 0.007510996 -0.0111751 0
0.00954088 0.1904038 0.9816595 0
0.00950102 -0.9816772 0.1903148 0
0.03779075 0.6170192 -0.08636077 1

0.9999984 -0.001018515 -0.001460238 0
-0.001759379 -0.4398087 -0.8980898 0
0.0002724931 0.898091 -0.4398098 0
-0.03826648 0.5969534 -0.0902395 1

0.9392679 -0.3427704 0.0168586 0
-0.342566 -0.9393911 -0.01389319 0
0.020599 0.007274242 -0.9997613 0
-0.1459822 0.6513972 0.02242262 1

0.9999999 -0.0002522379 0.000305773 0
0.00029769 0.9872526 -0.1591614 0
-0.0002617287 0.1591614 0.9872525 0
-0.0001076769 0.6670093 0.1357477 1

0.9999999 -0.0002522379 0.000305773 0
0.00029769 0.9872526 -0.1591614 0
-0.0002617287 0.1591614 0.9872525 0
0.004867275 0.694685 0.09058578 1

0.865172 0.5013365 -0.01179602 0
-0.5011885 0.8652334 0.01346618 0
0.0169574 -0.005738531 0.9998397 0
0.2353906 0.7076908 0.03717449 1

0.9999093 0.007510996 -0.0111751 0
0.00954088 0.1904038 0.9816595 0
0.00950102 -0.9816772 0.1903148 0
0.04103977 0.5981461 -0.1190076 1

0.9999984 -0.001018515 -0.001460238 0
-0.001051387 0.3240546 -0.9460379 0
0.001436751 0.9460379 0.3240529 0
-0.0418043 0.5702084 -0.116786 1

0.8727643 -0.4880247 0.01069071 0
-0.4879196 -0.8728186 -0.01105899 0
0.01472811 0.004435689 -0.9998817 0
-0.2348705 0.7091769 0.03713623 1

0.9999999 -0.0002522379 0.000305773 0
0.00029769 0.9872526 -0.1591614 0
-0.0002617287 0.1591614 0.9872525 0
-0.005464793 0.6499028 0.1806487 1

0.9999999 -0.0002522379 0.000305773 0
0.00029769 0.9872526 -0.1591614 0
-0.0002617287 0.1591614 0.9872525 0
-0.0009434553 0.7143508 0.04735556 1

0.6653994 0.7402459 -0.09632995 0
-0.7212943 0.6708091 0.1724806 0
0.1922971 -0.04528622 0.9802912 0
0.3268757 0.7704108 0.02247816 1

0.6890894 -0.7179369 0.09860323 0
-0.6989789 -0.6943853 -0.171049 0
0.191271 0.04894642 -0.9803161 0
-0.3273354 0.7704666 0.02254193 1

-0.7767591 0.604659 0.1761612 0
-0.600304 -0.7954249 0.08327235 0
0.1904744 -0.04106767 0.9808327 0
0.4048221 0.8543375 -0.007582443 1

-0.7559207 -0.6309184 -0.1747179 0
-0.6266261 0.77457 -0.08591417 0
0.189536 0.04453849 -0.9808632 0
-0.4079556 0.8517327 -0.007777493 1

1 0 0 0
0 1 0 0
0 0 1 0
0 -0.007685556 0 1

1 0 0 0
0 1 0 0
0 0 1 0
0 0.6043262 0 1

1 4.846734E-08 1.129381E-07 0
-1.045423E-08 0.9491683 -0.3147691 0
-1.224533E-07 0.3147691 0.9491683 0
0 0.60592 -0.0191463 1

1 2.37586E-10 1.018867E-07 0
2.173541E-08 0.9764804 -0.2156062 0
-9.95416E-08 0.2156062 0.9764804 0
0 0.60592 0.01883045 1

1 0 0 0
0 1 0 0
0 0 1 0
0.01374884 0.60592 0.00288716 1

1 1.303592E-07 2.774975E-08 0
-5.601569E-08 0.2221504 0.9750124 0
1.209372E-07 -0.9750124 0.2221504 0
0.01846046 0.5904822 -0.01250555 1

0.9999981 -0.001130304 -0.001610599 0
-0.001952096 -0.4672146 -0.8841419 0
0.0002468538 0.8841434 -0.4672159 0
-0.0184605 0.5904825 -0.0125056 1

1 0 0 0
0 -1 8.742278E-08 0
0 -8.742278E-08 -1 0
-0.0137488 0.6059205 0.00288716 1

1 1.278494E-07 1.333413E-07 0
-1.111617E-07 0.9929653 -0.1184057 0
-1.475414E-07 0.1184057 0.9929653 0
1.176275E-08 0.5872914 -0.115304 1

0.9999993 0.0009127294 -0.0006560479 0
-0.001122631 0.7817365 -0.6236079 0
-5.632859E-05 0.6236082 0.781737 0
0.0005154129 0.6308039 0.05538308 1

0.9938887 -0.1103864 4.609741E-07 0
0.1103864 0.9938887 1.277488E-07 0
-4.722587E-07 -7.608282E-08 1 0
0.05219693 0.6248615 0.01131879 1

0.9999833 0.003178861 -0.004825789 0
0.004056778 0.2085441 0.9780046 0
0.00411533 -0.9780078 0.2085277 0
0.0317044 0.6218694 -0.04928605 1

0.9999981 -0.001130308 -0.0016106 0
-0.001949754 -0.4590909 -0.8883873 0
0.0002647393 0.8883887 -0.4590923 0
-0.0317512 0.6112815 -0.05614188 1

0.9950815 0.09905908 -2.387599E-07 0
0.09905908 -0.9950815 -5.935924E-08 0
-2.434656E-07 3.541595E-08 -1 0
-0.0521969 0.6248615 0.0113188 1

0.9999975 0.002215136 -0.0003483164 0
-0.002170288 0.9170466 -0.398774 0
-0.0005639163 0.3987738 0.9170491 0
2.955547E-08 0.5550715 -0.2178484 1

0.9999998 -0.0004774918 0.0004436511 0
0.0005295699 0.9920355 -0.1259574 0
-0.0003799739 0.1259575 0.9920354 0
0.002150392 0.6581722 0.06681699 1

0.9369274 0.3493554 -0.01085378 0
-0.3492655 0.9369771 0.00935696 0
0.01343865 -0.004975941 0.9998973 0
0.1468868 0.6464459 0.02242268 1

0.9999833 0.003178861 -0.004825789 0
0.004056778 0.2085441 0.9780046 0
0.00411533 -0.9780078 0.2085277 0
0.03800204 0.6149963 -0.08619998 1

0.9999981 -0.001130308 -0.0016106 0
-0.001949754 -0.4590909 -0.8883873 0
0.0002647393 0.8883887 -0.4590923 0
-0.03827787 0.594912 -0.0898909 1

0.935833 -0.3522674 0.01114185 0
-0.3521733 -0.9358858 -0.009567354 0
0.01379777 0.005029582 -0.9998922 0
-0.1466343 0.647523 0.02242262 1

0.9999998 -0.0004774918 0.0004436511 0
0.0005295699 0.9920355 -0.1259574 0
-0.0003799739 0.1259575 0.9920354 0
-0.000116211 0.6632783 0.1361402 1

0.9999998 -0.0004774918 0.0004436511 0
0.0005295699 0.9920355 -0.1259574 0
-0.0003799739 0.1259575 0.9920354 0
0.004871495 0.6924521 0.09193269 1

0.8672583 0.4977975 -0.007786254 0
-0.4977316 0.8672844 0.009006939 0
0.01123653 -0.003935878 0.9999291 0
0.2352569 0.7048826 0.03764818 1

0.9999833 0.003178861 -0.004825789 0
0.004056778 0.2085441 0.9780046 0
0.00411533 -0.9780078 0.2085277 0
0.04138013 0.5955074 -0.1184698 1

0.9999981 -0.001130308 -0.0016106 0
-0.001191485 0.3035594 -0.9528118 0
0.001565883 0.9528119 0.3035574 0
-0.04182236 0.5676005 -0.1158533 1

0.8785385 -0.4776199 0.007016553 0
-0.4775746 -0.8785614 -0.007234739 0
0.009619927 0.003005069 -0.9999492 0
-0.2348281 0.7062333 0.03762347 1

0.9999998 -0.0004774918 0.0004436511 0
0.0005295699 0.9920355 -0.1259574 0
-0.0003799739 0.1259575 0.9920354 0
-0.005483821 0.6446764 0.1804413 1

0.9999998 -0.0004774918 0.0004436511 0
0.0005295699 0.9920355 -0.1259574 0
-0.0003799739 0.1259575 0.9920354 0
-0.0009284619 0.7135581 0.0493856 1

0.5682836 0.8177576 -0.09124868 0
-0.7958535 0.5744246 0.1914513 0
0.2089762 -0.03617805 0.9772512 0
0.3270788 0.7672032 0.02335814 1

0.5838163 -0.8064785 0.09354597 0
-0.7834883 -0.5898508 -0.195505 0
0.2128487 0.04084682 -0.9762311 0
-0.3280866 0.7663984 0.02340381 1

-0.840858 0.5053446 0.1938675 0
-0.5003595 -0.8623332 0.07759894 0
0.2063926 -0.03175378 0.9779539 0
0.3937495 0.8605158 -0.006149858 1

-0.8292426 -0.5226892 -0.1978707 0
-0.5178214 0.8517527 -0.07986329 0
0.2102806 0.03623566 -0.9769693 0
-0.3964388 0.8583997 -0.006374738 1

1 0 0 0
0 1 0 0
0 0 1 0
0 -0.008909999 0 1

1 0 0 0
0 1 0 0
0 0 1 0
0 0.6031017 0 1

1 4.84671E-08 1.12932E-07 0
-1.042186E-08 0.9490807 -0.3150331 0
-1.224503E-07 0.3150331 0.9490807 0
0 0.6046956 -0.0191463 1

1 2.835527E-10 1.226592E-07 0
2.604242E-08 0.9767079 -0.2145732 0
-1.19863E-07 0.2145732 0.9767079 0
0 0.6046956 0.01883045 1

1 0 0 0
0 1 0 0
0 0 1 0
0.01374884 0.6046956 0.00288716 1

1 1.303592E-07 2.774975E-08 0
-5.601569E-08 0.2221504 0.9750124 0
1.209372E-07 -0.9750124 0.2221504 0
0.01846046 0.5892578 -0.01250555 1

0.9999977 -0.00123628 -0.001750605 0
-0.002125395 -0.4672143 -0.8841417 0
0.0002751391 0.8841434 -0.4672159 0
-0.0184605 0.589258 -0.0125056 1

1 0 0 0
0 -1 8.742278E-08 0
0 -8.742278E-08 -1 0
-0.0137488 0.604696 0.00288716 1

1 1.289383E-07 1.366232E-07 0
-1.110065E-07 0.992286 -0.1239703 0
-1.515538E-07 0.1239703 0.992286 0
1.176287E-08 0.5860402 -0.1152988 1

0.9999994 0.0008913632 -0.0006358626 0
-0.001093679 0.7855288 -0.6188242 0
-5.210875E-05 0.6188246 0.7855293 0
0.0005154121 0.6295408 0.05540938 1

0.9904922 -0.1375688 4.760712E-07 0
0.1375688 0.9904922 1.529483E-07 0
-4.925857E-07 -8.600161E-08 1 0
0.05219693 0.6236371 0.01131879 1

0.9999986 -0.0009094845 0.001407769 0
-0.001165691 0.2260904 0.9741057 0
-0.001204217 -0.974106 0.226089 0
0.0317044 0.620645 -0.04928605 1

0.9999977 -0.001236284 -0.001750606 0
-0.002128434 -0.4773933 -0.8786873 0
0.0002505796 0.878689 -0.4773949 0
-0.0317551 0.6100584 -0.05614002 1

0.9918917 0.1270855 -2.491493E-07 0
0.1270855 -0.9918917 -8.220042E-08 0
-2.575756E-07 4.987066E-08 -1 0
-0.0521969 0.623637 0.0113188 1

0.9999971 0.00237784 -0.0004079449 0
-0.002321977 0.9026802 -0.4303059 0
-0.0006549549 0.4303056 0.902683 0
2.997637E-08 0.5532459 -0.217661 1

0.9999996 -0.0006971012 0.0005618758 0
0.0007460389 0.9957212 -0.09240525 0
-0.0004950558 0.09240561 0.9957214 0
0.002150914 0.6568387 0.06701016 1

0.9331012 0.359574 -0.005355894 0
-0.3595507 0.933113 0.004845206 0
0.006739864 -0.002595352 0.9999739 0
0.1474425 0.6426196 0.02242268 1

0.9999986 -0.0009094845 0.001407769 0
-0.001165691 0.2260904 0.9741057 0
-0.001204217 -0.974106 0.226089 0
0.03820309 0.6130835 -0.08603019 1

0.9999977 -0.001236284 -0.001750606 0
-0.002128434 -0.4773933 -0.8786873 0
0.0002505796 0.878689 -0.4773949 0
-0.03828848 0.5929939 -0.08954167 1

0.9323812 -0.3614347 0.005495387 0
-0.3614103 -0.9323937 -0.004949686 0
0.006912853 0.002628905 -0.9999726 0
-0.1472359 0.643626 0.02242262 1

0.9999996 -0.0006971012 0.0005618758 0
0.0007460389 0.9957212 -0.09240525 0
-0.0004950558 0.09240561 0.9957214 0
-0.0001244709 0.6596027 0.1364659 1

0.9999996 -0.0006971012 0.0005618758 0
