MeshGeometry
1
3
0
0
8
16384
0 0
0 0
0 0
32768
Capsule001_0
Sphere001_0
Sphere002_0
64
0.3150573 0.3150573 0.1952033 0.1746821
0.3130115 0.3130115 0.1987694 0.1752076
0.2855565 0.2855565 0.2329196 0.1959673
0.938325 0.06167498 0 0
1 0 0 0
1 0 0 0
0.6317078 0.3682922 0 0
0.7056016 0.2943983 0 0
0.9723963 0.02760367 0 0
0.85969 0.111377 0.02576642 0.003166613
0.85963 0.1113693 0.02576467 0.003236093
0.42878 0.2971449 0.1801394 0.09393573
0.6285049 0.2253677 0.1428788 0.003248686
0.6533198 0.1806683 0.159967 0.006044914
0.6520281 0.1839731 0.1576291 0.006369746
0.6282727 0.2261746 0.1423405 0.003212329
0.6455026 0.1967488 0.1538459 0.003902728
0.4197857 0.4197857 0.1419018 0.01852671
0.4232483 0.4232483 0.1245991 0.02890438
0.4263207 0.4263207 0.1128936 0.03446515
0.4129955 0.3511501 0.1341206 0.1017338
0.4133418 0.3517241 0.1238606 0.1110736
0.4111064 0.3421158 0.1419972 0.1047806
0.4279822 0.4279822 0.09068366 0.053352
0.4358025 0.4206545 0.08595257 0.05759046
0.4281824 0.4281824 0.104906 0.03872923
0.4201909 0.4201909 0.1293882 0.03023001
0.4232483 0.4232483 0.1245991 0.02890438
0.4197264 0.4197264 0.1385438 0.02200331
0.6232555 0.3084321 0.04594271 0.02236969
0.6826667 0.2031726 0.100928 0.01323273
0.6451234 0.2755902 0.06406233 0.01522413
0.3005893 0.3005893 0.2457181 0.1531034
0.3283351 0.3283351 0.2095123 0.1338175
0.3330472 0.3330472 0.1833124 0.1505931
0.355459 0.3412147 0.167084 0.1362423
0.3962992 0.3748889 0.1144216 0.1143902
0.3935018 0.3507065 0.1320231 0.1237685
0.9345331 0.06546697 0 0
1 0 0 0
0.9987086 0.001291402 0 0
0.9557781 0.02279686 0.01457794 0.006847079
0.9175261 0.04481557 0.020906 0.0167523
0.9168986 0.04579303 0.0207893 0.01651916
0.5674714 0.3431703 0.08935827 0
0.6087151 0.2903104 0.1009745 0
0.5809105 0.330801 0.08828855 0
0.5198662 0.4104485 0.0696853 0
0.5553792 0.3482602 0.07847705 0.0178836
0.5551357 0.3470214 0.07847645 0.01936651
0.4263207 0.4263207 0.1128933 0.03446518
0.4232484 0.4232484 0.1245989 0.02890441
0.4197859 0.4197859 0.1419015 0.01852673
1 0 0 0
1 0 0 0
1 0 0 0
1 0 0 0
1 0 0 0
1 0 0 0
1 0 0 0
1 0 0 0
1 0 0 0
1 0 0 0
1 0 0 0
1 0 0 0
1 0 0 0
1 0 0 0
1 0 0 0
1 0 0 0
1 0 0 0
1 0 0 0
1 0 0 0
1 0 0 0
1 0 0 0
1 0 0 0
1 0 0 0
1 0 0 0
1 0 0 0
1 0 0 0
1 0 0 0
0.8839659 0.1160341 0 0
0.5053169 0.4946831 0 0
0.5956982 0.4043018 0 0
0.88227 0.11773 0 0
0.591218 0.408782 0 0
0.8392989 0.1607011 0 0
1 0 0 0
1 0 0 0
0.5154707 0.4845293 0 0
1 0 0 0
0.5388515 0.4611485 0 0
1 0 0 0
1 0 0 0
0.5080396 0.4919604 0 0
1 0 0 0
1 0 0 0
1 0 0 0
1 0 0 0
1 0 0 0
1 0 0 0
1 0 0 0
0.9967402 0.003259878 0 0
1 0 0 0
0.6490606 0.2738694 0.07707005 0
1 0 0 0
1 0 0 0
1 0 0 0
0.743175 0.256825 0 0
1 0 0 0
1 0 0 0
1 0 0 0
1 0 0 0
1 0 0 0
1 0 0 0
1 0 0 0
1 0 0 0
1 0 0 0
1 0 0 0
0.6995223 0.3004778 0 0
0.7270545 0.2729455 0 0
0.5163997 0.4836003 0 0
1 0 0 0
1 0 0 0
1 0 0 0
1 0 0 0
1 0 0 0
1 0 0 0
1 0 0 0
1 0 0 0
1 0 0 0
1 0 0 0
0.978501 0.02149901 0 0
1 0 0 0
1 0 0 0
0.6101882 0.3898118 0 0
0.5000064 0.4999936 0 0
0.5000089 0.4999912 0 0
1 0 0 0
1 0 0 0
1 0 0 0
1 0 0 0
1 0 0 0
0.500008 0.499992 0 0
1 0 0 0
1 0 0 0
1 0 0 0
0.7114246 0.2885754 0 0
0.8880606 0.1119395 0 0
0.8578382 0.1421618 0 0
0.9567755 0.04322446 0 0
0.7733824 0.2252816 0.001335968 0
0.5051312 0.4948688 0 0
0.8886749 0.1080729 0.003252253 0
0.6313483 0.3686517 0 0
0.5613537 0.4386464 0 0
0.5610617 0.4389383 0 0
0.9972824 0.002717553 0 0
0.6052326 0.3900445 0.004722908 0
0.5845559 0.4154442 0 0
0.958042 0.04195797 0 0
0.9511018 0.04889815 0 0
0.5883966 0.4116034 0 0
0.5772091 0.4227909 0 0
0.647471 0.352529 0 0
0.6107915 0.3892086 0 0
0.9664978 0.03350215 0 0
0.9608382 0.03916181 0 0
0.5397815 0.4602186 0 0
0.9960544 0.003945531 0 0
1 0 0 0
1 0 0 0
1 0 0 0
0.5857611 0.414239 0 0
0.5849428 0.4150572 0 0
1 0 0 0
0.938325 0.06167498 0 0
0.6430785 0.3569215 0 0
0.9644355 0.03556442 0 0
0.5850011 0.4149989 0 0
0.5930686 0.4069314 0 0
0.9498264 0.0501736 0 0
0.6022922 0.3977078 0 0
1 0 0 0
0.9313204 0.06867966 0 0
0.5611765 0.4388236 0 0
0.6194036 0.3805964 0 0
0.9590023 0.04099771 0 0
0.5385819 0.4614182 0 0
0.9470063 0.05299377 0 0
0.613133 0.386867 0 0
0.5860591 0.4111078 0.00283319 0
0.9504431 0.04955686 0 0
0.6057727 0.3942273 0 0
0.6366841 0.363316 0 0
0.9988735 0.00112648 0 0
0.6287111 0.3712889 0 0
0.6392251 0.3607749 0 0
0.642376 0.357624 0 0
0.9964195 0.003580459 0 0
0.9969442 0.003055835 0 0
0.9343559 0.06564415 0 0
0.997425 0.002574986 0 0
0.9314804 0.06851963 0 0
0.6183032 0.3816967 0 0
0.9977826 0.002217411 0 0
0.6167069 0.3832931 0 0
0.5987253 0.4012747 0 0
0.9279851 0.07201491 0 0
0.5977308 0.4022692 0 0
0.9195436 0.04328594 0.03717041 0
0.6200275 0.3799725 0 0
0.9193772 0.04295323 0.03766952 0
0.6788246 0.3211754 0 0
0.9280474 0.07195269 0 0
0.5918233 0.4081767 0 0
0.6814994 0.3185006 0 0
0.5976101 0.40239 0 0
0.6313468 0.3686532 0 0
0.9186077 0.04108547 0.0403068 0
0.5946864 0.4053136 0 0
0.6991016 0.2951038 0.005794636 0
0.6940926 0.3059074 0 0
0.6935228 0.301694 0.004783254 0
0.7163615 0.2036707 0.07545812 0.004509732
0.5816153 0.4183847 0 0
0.9175625 0.04439502 0.03804248 0
0.7133293 0.2866707 0 0
0.5627469 0.4372531 0 0
0.6745159 0.3226822 0.0028019 0
0.721203 0.190685 0.08231463 0.005797379
0.5615257 0.4384743 0 0
0.725966 0.274034 0 0
0.9096726 0.05139375 0.03893369 0
0.5314974 0.4685026 0 0
0.5521269 0.4478731 0 0
0.6411062 0.3588938 0 0
0.9287055 0.07129452 0 0
0.9984723 0.001527664 0 0
0.929146 0.07085403 0 0
0.9987757 0.001224282 0 0
0.6453645 0.3546356 0 0
0.9295243 0.07047573 0 0
0.9293025 0.0706976 0 0
0.6460955 0.3539045 0 0
0.5216963 0.4783038 0 0
0.9080991 0.05302601 0.03887487 0
0.5251254 0.4748746 0 0
0.6429713 0.3570287 0 0
0.6419589 0.3580411 0 0
0.725109 0.274891 0 0
0.6494095 0.3505904 0 0
0.556949 0.4430511 0 0
0.910825 0.05095923 0.03821578 0
0.5402266 0.4597735 0 0
0.5588491 0.4411509 0 0
0.7154367 0.2845633 0 0
0.5729312 0.4270689 0 0
0.5723111 0.4276889 0 0
0.6641849 0.3358152 0 0
0.6903617 0.3096383 0 0
0.6516547 0.3483454 0 0
0.6561594 0.3438406 0 0
0.7287278 0.1959275 0.06791456 0.007430205
0.5964983 0.4035018 0 0
0.7152447 0.2847553 0 0
0.6987803 0.3012197 0 0
0.9161226 0.04646318 0.03741423 0
0.915899 0.04578389 0.0383171 0
0.6878535 0.3121465 0 0
0.6117181 0.388282 0 0
0.9146649 0.04830315 0.03703195 0
0.6959125 0.3040876 0 0
0.7295228 0.2704772 0 0
0.5997708 0.4002292 0 0
0.7100419 0.2899581 0 0
0.9131115 0.05165764 0.03523086 0
0.5718 0.4282 0 0
0.912261 0.05339734 0.03434158 0
0.7050341 0.2949659 0 0
0.9646332 0.03536675 0 0
1 0 0 0
1 0 0 0
1 0 0 0
1 0 0 0
0.9893588 0.01064116 0 0
1 0 0 0
1 0 0 0
1 0 0 0
0.9723963 0.02760367 0 0
0.6317078 0.3682922 0 0
1 0 0 0
1 0 0 0
1 0 0 0
1 0 0 0
1 0 0 0
0.9908233 0.009176716 0 0
0.7056016 0.2943983 0 0
0.570884 0.429116 0 0
0.5682112 0.4317888 0 0
0.7056016 0.2943983 0 0
0.9118294 0.0538199 0.03435071 0
0.7193464 0.2806536 0 0
0.578409 0.421591 0 0
0.7184902 0.2815098 0 0
0.8155472 0.1655339 0.01891891 0
0.8048891 0.1780246 0.01708625 0
0.7863006 0.1956247 0.01446518 0.003609552
0.77422 0.2024153 0.01257584 0.01078884
0.7613848 0.2039838 0.02381403 0.01081733
0.7438772 0.2025181 0.04455644 0.009048265
0.6989915 0.3010085 0 0
0.8066631 0.1753717 0.01796517 0
0.8627748 0.1118417 0.0222231 0.003160392
0.8573177 0.1017699 0.02618502 0.01472744
0.8394741 0.08718325 0.04196597 0.03137674
0.8057768 0.08773062 0.0756124 0.03088015
0.5633023 0.4366977 0 0
0.7232825 0.2767175 0 0
0.8662316 0.1080127 0.02575568 0
0.67232 0.3187282 0.008951793 0
0.6736963 0.2911172 0.03518644 0
0.7917603 0.1922251 0.01601461 0
0.6811963 0.3188037 0 0
0.6578058 0.2491688 0.09302536 0
0.5549039 0.4450961 0 0
0.542685 0.418266 0.02008034 0.01896869
0.6849861 0.3136325 0.001381318 0
0.8691385 0.09923083 0.03163068 0
0.7822902 0.2031671 0.01454269 0
0.6630878 0.3369121 0 0
0.5763804 0.3993451 0.02102686 0.003247589
0.6052362 0.2101465 0.1846172 0
0.4853784 0.4318584 0.06692792 0.01583537
0.7532151 0.1549207 0.06281092 0.02905339
0.6830717 0.2398085 0.04855709 0.0285627
0.6267091 0.3066189 0.03514534 0.0315267
0.6232555 0.3084321 0.04594271 0.02236969
0.6826667 0.2031726 0.100928 0.01323273
0.6834704 0.240399 0.06582428 0.01030634
0.4237875 0.4121285 0.1515943 0.01248972
0.527065 0.3097615 0.1631735 0
0.4546665 0.4336208 0.1117127 0
0.5777261 0.3483225 0.07395153 0
0.6430792 0.3067202 0.05020066 0
0.7143579 0.215213 0.06934838 0.001080731
0.561266 0.3926858 0.02450824 0.02153997
0.6451234 0.2755902 0.06406233 0.01522413
0.5217879 0.4403967 0.0213569 0.01645849
0.4899139 0.4780931 0.02349415 0.008498756
0.6684387 0.306302 0.02525926 0
0.702459 0.264166 0.03337508 0
0.6655596 0.3080283 0.02641208 0
0.7924368 0.1848238 0.02273935 0
0.8181553 0.1607991 0.02104571 0
0.8546483 0.1210229 0.02432884 0
0.957114 0.03222957 0.01065646 0
0.7603753 0.1569186 0.08270612 0
0.8972721 0.06567875 0.0370492 0
0.669257 0.211752 0.1189911 0
0.6163114 0.2351333 0.1463373 0.002218085
0.4614442 0.3081069 0.2256156 0.004833359
0.3706054 0.3362643 0.2845213 0.008608914
0.6468716 0.2529841 0.06170729 0.03843702
0.6604798 0.1709593 0.1309895 0.03757146
0.7111973 0.1630396 0.1195069 0.006256243
0.6269032 0.2064059 0.1536594 0.01303144
0.4775851 0.2915515 0.2078612 0.02300226
0.429665 0.2747893 0.2575774 0.03796831
0.572288 0.2624728 0.1119871 0.0532521
0.6996507 0.1600235 0.1310578 0.009268094
0.8271636 0.09561902 0.06139681 0.01582063
0.4524943 0.3442173 0.1461051 0.05718321
0.4618001 0.2761351 0.1725301 0.08953467
0.6048613 0.172777 0.1233907 0.098971
0.6487881 0.2241576 0.09974076 0.0273136
0.7042816 0.1409978 0.1377753 0.0169453
0.7765334 0.1509422 0.05823988 0.01428454
0.5679321 0.2174886 0.1263756 0.08820367
0.4722832 0.2736309 0.1557687 0.09831725
0.4840105 0.3407394 0.08972112 0.08552903
0.6511403 0.2589837 0.06749526 0.02238067
0.7275085 0.1919931 0.05160903 0.02888935
0.6211477 0.296541 0.0425655 0.03974583
0.6783324 0.2719233 0.04459833 0.005146028
0.5630729 0.2870463 0.1062961 0.04358467
0.4321419 0.286915 0.2125141 0.06842903
0.5162749 0.3176504 0.1299398 0.03613479
0.4462069 0.4419075 0.07840578 0.03347991
0.553507 0.3738442 0.04707793 0.02557085
0.5514909 0.2070483 0.1767666 0.06469422
0.5695781 0.3937761 0.02141369 0.01523211
0.4970245 0.4292604 0.05109483 0.02262025
0.4614202 0.2792776 0.1440104 0.1152918
0.5037363 0.4348467 0.05494959 0.006467456
0.8000298 0.1037986 0.08740426 0.008767272
0.860306 0.1082586 0.02085796 0.01057732
0.6508235 0.2921253 0.05241875 0.004632526
0.6353881 0.3264605 0.03378884 0.004362512
0.7541411 0.2112265 0.02779746 0.006834808
0.5005773 0.4339016 0.05947169 0.00604948
0.5743556 0.2758996 0.1297835 0.0199613
0.5800439 0.3868372 0.02493402 0.00818487
0.532281 0.3958422 0.04426276 0.02761397
0.4905339 0.4174996 0.06632979 0.02563672
0.4972577 0.4324857 0.06405934 0.006197299
0.5726127 0.2822895 0.1294079 0.01568992
0.5033242 0.3609798 0.1169611 0.01873495
0.5758935 0.2755021 0.1341632 0.01444122
0.5788941 0.2548493 0.1399518 0.0263049
0.5788513 0.2255456 0.1596664 0.03593669
0.5826206 0.2281337 0.1607889 0.0284568
0.5717008 0.2887398 0.1174392 0.02212018
0.453784 0.3809879 0.1393657 0.0258623
0.4505943 0.4175306 0.09504431 0.03683081
0.5694528 0.2412019 0.1643501 0.02499521
0.5202986 0.2912575 0.1608878 0.02755618
0.5303447 0.3380345 0.08322043 0.04840044
0.5328999 0.3451846 0.08401881 0.03789671
0.5754556 0.2260413 0.1550346 0.0434685
0.5277196 0.3321176 0.08202246 0.05814034
0.5821878 0.2026758 0.1779314 0.03720501
0.5706589 0.2358127 0.144431 0.04909737
0.581974 0.234466 0.152748 0.03081205
0.5261156 0.3294995 0.0814037 0.06298119
0.4464749 0.4421933 0.07547129 0.03586056
0.4479765 0.4464098 0.0692531 0.0363606
0.5162824 0.3410568 0.08748198 0.05517877
0.4562335 0.4493084 0.05695553 0.03750257
0.5215002 0.3419541 0.07958543 0.05696021
0.5232651 0.2808633 0.1940206 0.001851154
0.5741671 0.2255348 0.1546877 0.04561031
0.5780553 0.2544806 0.1397489 0.02771511
0.5262018 0.3311621 0.08178681 0.06084935
0.5261156 0.3294995 0.0814037 0.06298119
0.4464749 0.4421933 0.07547129 0.03586056
0.5766588 0.2246906 0.1590624 0.03958824
0.4464707 0.4449087 0.07238199 0.03623859
0.5162824 0.3410568 0.08748198 0.05517877
0.5277773 0.3363972 0.08281811 0.05300747
0.5194904 0.3406368 0.08313225 0.05674051
0.5232651 0.2808633 0.1940206 0.001851154
0.4536787 0.4467936 0.06223475 0.03729298
0.5594882 0.2591036 0.1814082 0
0.5852416 0.2601064 0.151892 0.002759949
0.5566993 0.2676072 0.1756935 0
0.5036676 0.3207533 0.1742615 0.001317656
0.5533796 0.2777566 0.1688639 0
0.4621032 0.4240455 0.1073812 0.006470236
0.4836253 0.4212585 0.08129422 0.01382186
0.4879756 0.4142323 0.08191186 0.01588022
0.6012377 0.2709858 0.103304 0.02447246
0.5302787 0.3246104 0.09755473 0.04755618
0.5786893 0.2058197 0.2002643 0.01522677
0.5682314 0.2187726 0.1963322 0.0166638
0.5237035 0.407116 0.06918054 0
0.4798596 0.3817661 0.131443 0.006931287
0.5382954 0.3958439 0.06586073 0
0.6437387 0.3104195 0.04584181 0
0.779787 0.2033697 0.01684327 0
0.6665261 0.2924795 0.04099444 0
0.7878366 0.1965132 0.01565013 0
0.8213969 0.1679278 0.01067537 0
0.8546034 0.1372033 0.008193403 0
0.8540256 0.1375585 0.008415941 0
0.9165223 0.08162027 0.001857422 0
0.9403872 0.05961272 0 0
0.9621834 0.03781659 0 0
0.9460211 0.05397885 0 0
0.9798521 0.02014793 0 0
0.9811082 0.01889175 0 0
0.9800784 0.0199216 0 0
0.984979 0.01502099 0 0
0.9620835 0.03791657 0 0
0.9346115 0.06428571 0.001102831 0
0.8420766 0.1492383 0.008685111 0
0.7702286 0.2131001 0.01667126 0
0.6538104 0.306534 0.03965564 0
0.5319273 0.4050263 0.06304625 0
0.5087789 0.4230772 0.0681439 0
0.5779766 0.2052662 0.2014782 0.015279
0.5951477 0.2736297 0.1063656 0.02485711
0.4946631 0.4113596 0.07717361 0.01680359
0.4897113 0.3669682 0.1370296 0.006290996
0.5486379 0.2574191 0.1924927 0.001450182
0.5683402 0.2218241 0.2078561 0.001979571
0.5299961 0.4068224 0.06318159 0
0.5000154 0.4144732 0.08551136 0
0.577614 0.2044762 0.2024889 0.01542084
0.6051605 0.3269274 0.03589511 0.03201705
0.4935222 0.4121636 0.07744155 0.01687269
0.5091057 0.3373258 0.1535686 0
0.5458763 0.2606466 0.1919836 0.00149338
0.6622066 0.3065802 0.03121317 0
0.5493675 0.2496163 0.1993617 0.001654541
0.766466 0.2163724 0.01716159 0
0.812304 0.177947 0.009749041 0
0.9345427 0.06435386 0.00110343 0
0.9603093 0.03969069 0 0
0.9620612 0.03793881 0 0
0.9602422 0.03975782 0 0
0.9620417 0.03795831 0 0
0.9061513 0.09157762 0.002271128 0
0.8332958 0.1613302 0.005374012 0
0.7177798 0.2607473 0.02147283 0
0.6466047 0.3210244 0.03237101 0
0.6436797 0.3237439 0.03257633 0
0.5554421 0.3922636 0.05229424 0
0.5383707 0.3648902 0.09673919 0
0.5676724 0.2119446 0.2038194 0.01656363
0.5880349 0.3408019 0.03781912 0.03334399
0.5018249 0.4026774 0.07614744 0.01935022
0.5047358 0.34337 0.1518942 0
0.5028753 0.3008473 0.1942789 0.00199855
0.5165051 0.3964467 0.0870482 0
0.5679331 0.2138293 0.2014293 0.01680831
0.587362 0.3414375 0.03780064 0.03339979
0.5017085 0.4026359 0.07638331 0.01927232
0.4704882 0.3779154 0.1515964 0
0.5002752 0.3034476 0.1942697 0.002007552
0.5711048 0.3836433 0.04525189 0
0.5382892 0.2337247 0.2252072 0.002778882
0.5124376 0.2421429 0.2421185 0.003300906
0.5779803 0.2602437 0.1587899 0.002986238
0.4663333 0.4449268 0.05033868 0.03840117
0.5361528 0.2675494 0.1923543 0.003943561
0.5301223 0.2694747 0.1963678 0.004035256
0.529883 0.3432293 0.08354361 0.04334404
0.5800148 0.2271125 0.1600707 0.03280211
0.4981467 0.2527544 0.2456838 0.003415055
0.5119517 0.2757945 0.2080299 0.004224025
0.4707855 0.36438 0.1636325 0.001202128
0.4669607 0.3833364 0.149703 0
0.5489375 0.3675111 0.05567605 0.02787527
0.5860842 0.3426363 0.03777592 0.03350365
0.4931322 0.2580423 0.2454405 0.003385053
0.4655418 0.3302372 0.2019866 0.002234403
0.4533922 0.4249643 0.1216435 0
0.5080891 0.3952101 0.07788669 0.01881414
0.440267 0.4376699 0.1220631 0
0.4899829 0.2831197 0.2223918 0.004505476
0.4653603 0.3288427 0.2035257 0.002271274
0.4713659 0.296348 0.2295531 0.002733034
0.446701 0.446701 0.06205912 0.04453889
0.4880458 0.2838956 0.2235503 0.004508364
0.4520939 0.4520939 0.05284381 0.04296837
0.4598128 0.4572425 0.04319036 0.0397543
0.47971 0.4397793 0.04176922 0.03874143
0.5259367 0.3532823 0.083931 0.03685003
0.4808308 0.3910097 0.08831309 0.03984643
0.4406741 0.4224349 0.08962179 0.04726924
0.5664561 0.2399342 0.1638318 0.02977782
0.5170485 0.2728817 0.1754345 0.03463527
0.4250124 0.4250124 0.09173211 0.05824317
0.475033 0.3124227 0.1683133 0.04423103
0.4435988 0.3323812 0.1655508 0.05846925
0.4256272 0.3379802 0.1639993 0.07239338
0.417347 0.417347 0.09217174 0.07313412
0.4473097 0.2548299 0.2287893 0.06907112
0.4822019 0.2451058 0.2298598 0.04283245
0.5195818 0.2955151 0.1606669 0.02423623
0.5739268 0.2747539 0.1337043 0.01761488
0.4934818 0.4254832 0.06672817 0.01430683
0.5709732 0.2814829 0.1290368 0.01850716
0.4401522 0.4401522 0.0744903 0.04520529
0.4963863 0.4317315 0.06394687 0.007935322
0.572977 0.2752388 0.1294717 0.02231255
0.4998578 0.4332812 0.05938604 0.007474993
0.5777276 0.3852889 0.02483417 0.0121493
0.4291066 0.4291066 0.0961953 0.04559149
0.4114671 0.4016076 0.1004193 0.08650602
0.4089574 0.4089574 0.09267381 0.0894114
0.4711351 0.2771962 0.2486569 0.003011758
0.4546337 0.3618902 0.1821316 0.001344527
0.4429457 0.4204156 0.1366387 0
0.4469259 0.4042127 0.1488613 0
0.4443079 0.4220378 0.1336543 0
0.4102669 0.3152337 0.1661256 0.1083737
0.4633682 0.4437061 0.09292569 0
0.4942616 0.4226171 0.0736867 0.009434571
0.5139816 0.3986374 0.0685854 0.01879551
0.5822648 0.3525477 0.03402128 0.03116629
0.5951453 0.3399364 0.03412126 0.03079701
0.581611 0.3519929 0.03403761 0.03235853
0.5793744 0.2087975 0.1980331 0.0137951
0.5866532 0.3444942 0.03530683 0.03354579
0.5622908 0.2230006 0.1971039 0.01760479
0.5622232 0.2221907 0.1980834 0.01750271
0.56998 0.2134424 0.199854 0.01672365
0.5474049 0.3541177 0.09744111 0.001036256
0.546656 0.355143 0.09717403 0.001027082
0.5106554 0.4304161 0.05892855 0
0.4811434 0.4439988 0.07485785 0
0.5254128 0.3849141 0.08967312 0
0.5242448 0.3863918 0.08936331 0
0.4715541 0.4567021 0.07174387 0
0.5601086 0.3939057 0.04598572 0
0.5585278 0.3950514 0.04642086 0
0.5709667 0.3837626 0.04527065 0
0.5848203 0.3027675 0.1109666 0.001445534
0.5721571 0.3848148 0.04302805 0
0.6227667 0.2024111 0.1653077 0.009514404
0.6393294 0.2138435 0.1366884 0.01013873
0.6391136 0.2093394 0.1418948 0.009652147
0.620649 0.2552111 0.1223734 0.001766544
0.6113102 0.2520608 0.1337876 0.002841429
0.5151448 0.4291565 0.0556987 0
0.5030488 0.4269333 0.07001787 0
0.5719281 0.3344122 0.09365962 0
0.6102296 0.3551587 0.0346117 0
0.5435933 0.3832548 0.07315193 0
0.5540395 0.3656908 0.08026966 0
0.5473128 0.3786373 0.07404989 0
0.6114351 0.3539697 0.03459528 0
0.5177383 0.4323911 0.04987051 0
0.4952252 0.4515142 0.05326058 0
0.4879333 0.4575764 0.05449032 0
0.5033317 0.4443824 0.05228588 0
0.5002841 0.447209 0.05250694 0
0.7069387 0.2725146 0.0205467 0
0.7062631 0.273202 0.02053487 0
0.6032083 0.3604542 0.03633746 0
0.7077361 0.2718392 0.02042478 0
0.8366917 0.1581225 0.005185781 0
0.7300564 0.2493768 0.02056686 0
0.7672738 0.2205426 0.0121836 0
0.7907993 0.2005096 0.008691049 0
0.6604018 0.3130283 0.02657002 0
0.9144903 0.08383856 0.00167114 0
0.9088839 0.08923476 0.001881327 0
0.8792144 0.1174895 0.003296093 0
0.8784025 0.1182633 0.003334151 0
0.9532372 0.04676279 0 0
0.9176875 0.08083231 0.001480145 0
0.9535131 0.04648684 0 0
0.9542401 0.04575995 0 0
0.9767659 0.02323412 0 0
0.9568134 0.04318658 0 0
0.9557232 0.04427678 0 0
0.7911364 0.2001784 0.008685171 0
0.6721296 0.303122 0.02474838 0
0.6119211 0.353509 0.03456986 0
0.9567539 0.04324609 0 0
0.9597533 0.04024676 0 0
0.8821496 0.1146725 0.003177902 0
0.9561152 0.04388474 0 0
0.9599022 0.04009777 0 0
0.7889798 0.2020022 0.009018118 0
0.8841903 0.1126212 0.003188534 0
0.9597769 0.04022314 0 0
0.9600072 0.03999279 0 0
0.9566454 0.0433546 0 0
0.9595132 0.04048673 0 0
0.9598941 0.04010597 0 0
0.9289099 0.06982143 0.001268675 0
0.8939516 0.1033035 0.002744935 0
0.800142 0.1913023 0.008555621 0
0.7990904 0.1923628 0.008546861 0
0.6918033 0.2859685 0.02222824 0
0.6902576 0.2869664 0.02277601 0
0.6908288 0.2868551 0.02231606 0
0.6903055 0.2869308 0.02276369 0
0.6775014 0.2974185 0.02508004 0
0.6654202 0.30709 0.02748981 0
0.6902174 0.287017 0.02276552 0
0.6666608 0.3060862 0.02725293 0
0.6439888 0.3242949 0.03171637 0
0.6586313 0.3123074 0.0290612 0
0.6110411 0.3507831 0.0381758 0
0.5859099 0.3715896 0.04250058 0
0.5702524 0.3843812 0.04536645 0
0.6002042 0.3598374 0.03995845 0
0.6140614 0.3483471 0.03759153 0
0.6437911 0.3244697 0.03173916 0
0.6657325 0.3068706 0.02739691 0
0.6523462 0.3176509 0.030003 0
0.6813262 0.2945082 0.02416567 0
0.6887318 0.2886066 0.02266162 0
0.6743451 0.3004348 0.02522018 0
0.6716542 0.3023687 0.02597714 0
0.6901821 0.2873984 0.0224196 0
0.681486 0.2952367 0.02327743 0
0.6810275 0.2956263 0.02334625 0
0.6638858 0.3101673 0.02594689 0
0.6474696 0.3239394 0.02859092 0
0.6632832 0.3106767 0.02604017 0
0.6721608 0.3030936 0.02474561 0
0.6700956 0.3043404 0.02556396 0
0.6672451 0.3070857 0.02566919 0
0.6594067 0.3139096 0.02668376 0
0.6361207 0.3334258 0.03045349 0
0.6060695 0.3579953 0.03593523 0
0.6636108 0.309493 0.02689625 0
0.5875887 0.3727683 0.03964296 0
0.6591876 0.3140517 0.02676073 0
0.6329507 0.3358569 0.03119233 0
0.6590697 0.3137475 0.02718289 0
0.6060819 0.3579789 0.03593915 0
0.6680233 0.306067 0.02590974 0
0.5910296 0.3700333 0.03893721 0
0.6591349 0.3127228 0.02814233 0
0.6516816 0.3195392 0.02877929 0
0.6510854 0.3200612 0.02885338 0
0.6468217 0.3230738 0.03010455 0
0.6291557 0.3381628 0.03268164 0
0.6500083 0.3198215 0.03017018 0
0.6494289 0.3203173 0.03025385 0
0.6306661 0.3360379 0.03329602 0
0.6435829 0.3246721 0.03174494 0
0.6413912 0.3266111 0.03199777 0
0.6325046 0.3341177 0.03337769 0
0.6160417 0.3473322 0.03662613 0
0.6159183 0.3474061 0.03667561 0
0.6010712 0.3597782 0.03915061 0
0.615801 0.3474759 0.03672309 0
0.6018943 0.3586605 0.03944524 0
0.6007901 0.3593979 0.03981196 0
0.5783368 0.3780414 0.04362177 0
0.5628201 0.3913934 0.04578649 0
0.582642 0.3748515 0.04250653 0
0.5896479 0.3694789 0.04087318 0
0.5744175 0.3824295 0.04315303 0
0.5814527 0.3763911 0.04215629 0
0.5614895 0.392428 0.0460825 0
0.5600612 0.3939396 0.04599916 0
0.5605518 0.3935474 0.04590077 0
0.5622063 0.3923729 0.04542067 0
0.5714456 0.3852282 0.04332624 0
0.5685778 0.3872498 0.04417249 0
0.5752226 0.3818429 0.04293449 0
0.5723517 0.3844939 0.04315448 0
0.5762969 0.3809902 0.04271288 0
0.5969672 0.3651932 0.03783954 0
0.5769888 0.380775 0.04223618 0
0.5997031 0.3622574 0.03803958 0
0.597114 0.3638572 0.0390289 0
0.6061885 0.3578749 0.03593665 0
0.5891987 0.3709407 0.03986067 0
0.6012645 0.361019 0.03771653 0
0.5984077 0.3638858 0.03770654 0
0.6327971 0.3359736 0.03122932 0
0.5989723 0.3634207 0.03760701 0
0.6080126 0.3563333 0.03565416 0
0.6478208 0.3233577 0.02882158 0
0.632638 0.3360944 0.0312676 0
0.6158723 0.3497073 0.03442037 0
0.6170925 0.3484051 0.03450233 0
0.6188035 0.3470086 0.0341879 0
0.6203257 0.3457763 0.03389799 0
0.6391917 0.3302231 0.03058529 0
0.6509544 0.3201998 0.02884579 0
0.5786968 0.4213033 0 0
0.5814869 0.4185132 0 0
0.689855 0.310145 0 0
0.6849664 0.3150336 0 0
0.5814869 0.4185132 0 0
0.68618 0.31382 0 0
0.689855 0.310145 0 0
0.9155151 0.04383258 0.04065228 0
0.9159303 0.04272036 0.0413494 0
0.5746014 0.4253987 0 0
0.5771258 0.4228742 0 0
0.6388999 0.3611001 0 0
0.9142613 0.04737534 0.03836341 0
0.6422989 0.3577011 0 0
0.9333497 0.06665033 0 0
0.702166 0.297834 0 0
0.5786968 0.4213033 0 0
0.5682264 0.4317737 0 0
0.9337772 0.06622281 0 0
1 0 0 0
0.6524103 0.3475898 0 0
0.5687248 0.4312752 0 0
0.7167327 0.2832673 0 0
0.9128442 0.05156231 0.03559348 0
0.5621015 0.4378985 0 0
0.6791411 0.3208589 0 0
0.6849664 0.3150336 0 0
0.7724561 0.2176159 0.009927914 0
0.7674737 0.2224903 0.01003594 0
0.8894122 0.0647588 0.045829 0
0.6640702 0.3359298 0 0
0.8851178 0.06427463 0.05060766 0
0.789533 0.2104671 0 0
0.55784 0.4421601 0 0
0.7594736 0.2301746 0.01035179 0
0.7933365 0.2066636 0 0
0.5420966 0.442612 0.01529146 0
0.6562099 0.3437901 0 0
0.6597011 0.340299 0 0
0.7619911 0.2266276 0.01138125 0
0.941277 0.05872305 0 0
0.9663847 0.03361526 0 0
0.9363985 0.06360149 0 0
1 0 0 0
1 0 0 0
0.6745664 0.3254336 0 0
0.5179086 0.4820915 0 0
1 0 0 0
0.5874483 0.4125517 0 0
0.588873 0.411127 0 0
0.9981977 0.001802355 0 0
0.5613537 0.4386464 0 0
0.2855565 0.2855565 0.2329196 0.1959673
0.3130115 0.3130115 0.1987694 0.1752076
0.3115299 0.3115299 0.2235247 0.1534155
0.2764124 0.2764124 0.2748551 0.17232
0.3152114 0.3152114 0.229766 0.1398112
0.279812 0.279812 0.279812 0.1605641
0.2878838 0.2802 0.2741033 0.157813
0.3261769 0.3163574 0.2197211 0.1377445
0.3092051 0.2798933 0.2424307 0.1684709
0.3449673 0.3086486 0.1989039 0.1474803
0.3574278 0.3043375 0.1754459 0.1627887
0.3251906 0.2815666 0.2114157 0.1818271
0.3687277 0.3091549 0.1731218 0.1489957
0.3368053 0.2877171 0.1905927 0.184885
0.2971112 0.2619219 0.2373378 0.2036292
0.3171047 0.2673165 0.2177242 0.1978546
0.3291011 0.2736263 0.2256319 0.1716407
0.2743233 0.2743233 0.260022 0.1913315
0.2681203 0.2681203 0.2681203 0.1956392
0.3256232 0.2755695 0.2587344 0.140073
0.3370745 0.2828495 0.2633264 0.1167496
0.304846 0.2600295 0.2547515 0.1803731
0.2641675 0.2641675 0.2641675 0.2074977
0.2784959 0.2515755 0.2428367 0.2270921
0.2584012 0.2566899 0.2489132 0.2359957
0.3319499 0.3319499 0.2352533 0.1008467
0.3317783 0.3317783 0.2298869 0.1065565
0.3456787 0.3456787 0.1933294 0.1153131
0.3322716 0.3322716 0.2477506 0.08770618
0.3089457 0.3089457 0.2598488 0.1222597
0.3463728 0.3463728 0.1996182 0.1076363
0.369062 0.369062 0.1446498 0.1172261
0.3705935 0.3705935 0.150742 0.1080709
0.3856453 0.3600559 0.1600927 0.09420615
0.3483659 0.3483659 0.2079887 0.09527951
0.34666 0.34666 0.229663 0.077017
0.2956455 0.2956455 0.2763397 0.1323692
0.3416502 0.3416502 0.2557855 0.06091414
0.2616452 0.2616452 0.2573538 0.2193559
0.2727665 0.2727665 0.2320019 0.222465
0.2928341 0.2928341 0.216232 0.1980997
0.3150573 0.3150573 0.1952033 0.1746821
0.2830707 0.2830707 0.2539711 0.1798875
0.2796676 0.2796676 0.2796676 0.160997
0.2925323 0.2925323 0.2925323 0.1224032
0.2991898 0.2991898 0.2991898 0.1024305
0.3364906 0.3364906 0.282785 0.04423375
0.3115699 0.3115699 0.3115699 0.06529026
0.3303809 0.3303809 0.3082009 0.0310373
0.3683462 0.3683462 0.2156544 0.04765311
0.3722912 0.3293058 0.2453908 0.05301219
0.3717912 0.3717912 0.1912594 0.06515809
0.3530574 0.3530574 0.2079966 0.08588856
0.372759 0.372759 0.1620582 0.09242377
0.3744404 0.3744404 0.1722568 0.07886231
0.3466118 0.3087635 0.2009912 0.1436335
0.319365 0.28467 0.2270697 0.1688952
0.3888222 0.3597153 0.1623482 0.08911441
0.3623524 0.3320314 0.1827583 0.1228579
0.3654875 0.3591126 0.1706138 0.104786
0.5474455 0.2829924 0.103062 0.06650024
0.5395476 0.2847344 0.10377 0.07194809
0.5812946 0.2713853 0.07583469 0.07148536
0.5672826 0.2810213 0.09186167 0.05983441
0.7599704 0.1886271 0.03089392 0.02050854
0.7589273 0.1890185 0.03336643 0.01868775
0.7636369 0.1862669 0.0250664 0.02502979
0.8640983 0.09814371 0.03121865 0.006539396
0.8674992 0.09692329 0.02908166 0.006495876
0.5950884 0.256359 0.08615362 0.06239901
0.7628376 0.176112 0.03093557 0.03011473
0.7800391 0.1283442 0.09002455 0.001592033
0.755037 0.156542 0.08737791 0.001043108
0.8242219 0.09805896 0.07167305 0.006046009
0.6455979 0.2766941 0.07648122 0.001226756
0.5303479 0.4059985 0.0636536 0
0.7191089 0.185405 0.08797102 0.007515057
0.5224119 0.4265328 0.0510553 0
0.7392331 0.2325313 0.0282356 0
0.7255677 0.1534036 0.08510629 0.03592249
0.7835343 0.194177 0.02228861 0
0.9497713 0.045182 0.005046656 0
0.5482918 0.3776173 0.06616253 0.007928403
0.6102703 0.2357999 0.1027619 0.05116788
0.9321432 0.06185258 0.006004207 0
0.9853553 0.01215861 0.002486085 0
0.6688819 0.1655401 0.1264772 0.03910087
0.5631564 0.3854849 0.04404254 0.007316127
0.2847951 0.2627155 0.2589614 0.193528
0.9675923 0.03031433 0.002093398 0
0.6740363 0.3259637 0 0
0.6468947 0.3131178 0.0325133 0.007474247
0.626399 0.212081 0.1190989 0.0424211
0.6095269 0.2489752 0.1009026 0.04059531
0.3757954 0.2902283 0.2717183 0.06225801
0.9561526 0.03944086 0.002275091 0.002131386
0.5503663 0.4496337 0 0
0.6721721 0.3223537 0.005474222 0
0.6531962 0.3094161 0.02837105 0.009016606
0.567713 0.3097504 0.08094198 0.04159451
0.292897 0.2498958 0.2449268 0.2122804
0.6421771 0.1887642 0.1330023 0.03605644
0.3347649 0.3347649 0.3065702 0.02389994
0.9230469 0.07320896 0.003744131 0
0.3731234 0.3094836 0.2573864 0.06000646
0.3314905 0.2292091 0.2245398 0.2147606
0.6587102 0.1656696 0.1447349 0.03088541
0.5585525 0.3308649 0.06687105 0.04371157
0.9106934 0.08508328 0.002957743 0.001265586
0.9220108 0.07517585 0.001699237 0.001114136
0.6475488 0.3165046 0.02504439 0.01090231
0.8625334 0.1283286 0.006637162 0.002500816
0.8851603 0.1092951 0.003278899 0.002265579
0.5200449 0.4448127 0.01892618 0.01621625
0.6339676 0.3347966 0.01751652 0.01371931
0.5366667 0.4270337 0.01849381 0.01780579
0.7920114 0.1057032 0.06089741 0.04138806
0.7568865 0.1389761 0.05943358 0.0447038
0.7298864 0.1615065 0.09388256 0.01472453
0.6400002 0.3255351 0.02165483 0.01280992
0.5962098 0.2979476 0.05752363 0.04831906
0.6740558 0.2205172 0.05452276 0.05090426
0.7199864 0.1615171 0.1017421 0.01675439
0.4822853 0.2331519 0.1663084 0.1182545
0.6779523 0.1541592 0.1420095 0.02587892
0.6993388 0.1597405 0.1199824 0.02093831
0.4643113 0.2324802 0.1759155 0.127293
0.3946711 0.3258977 0.1482458 0.1311856
0.3775315 0.2304089 0.2122222 0.1798374
0.4239638 0.2325442 0.1932028 0.1502893
0.3919421 0.322019 0.157072 0.1289669
0.3805597 0.3136062 0.2131216 0.0927125
0.3850194 0.3222699 0.1831934 0.1095172
0.3803313 0.3803313 0.1883801 0.05095721
0.3833015 0.3833015 0.188867 0.04452992
0.3741163 0.3741163 0.2167709 0.03499653
0.3755234 0.3755234 0.227139 0.02181431
0.3642474 0.3642474 0.2447483 0.02675693
0.3639577 0.3639577 0.257663 0.01442153
0.3535265 0.3535265 0.2748004 0.01814663
0.3501751 0.3501751 0.2831967 0.01645309
0.3353519 0.3353519 0.3075373 0.02175899
0.3367768 0.3367768 0.3046298 0.02181675
0.3162459 0.3162459 0.3162459 0.05126224
0.3183403 0.3183403 0.3183403 0.04497897
0.2989348 0.2989348 0.2989348 0.1031956
0.2904007 0.2904007 0.2635241 0.1556745
0.3226784 0.3226784 0.2056743 0.148969
0.3150573 0.3150573 0.1952033 0.1746821
0.2928341 0.2928341 0.216232 0.1980997
0.3004517 0.3004517 0.226428 0.1726685
0.2830707 0.2830707 0.2539711 0.1798875
0.2904007 0.2904007 0.2635241 0.1556745
0.2925323 0.2925323 0.2925323 0.1224032
0.3309977 0.2811745 0.2240688 0.1637589
0.3291011 0.2736263 0.2256319 0.1716407
0.3368053 0.2877171 0.1905927 0.184885
0.3370745 0.2828495 0.2633264 0.1167496
0.7270545 0.2729455 0 0
1 0 0 0
1 0 0 0
0.5654717 0.4345284 0 0
0.5163997 0.4836003 0 0
0.8717778 0.1282223 0 0
0.8383569 0.1616431 0 0
0.5658424 0.4341576 0 0
1 0 0 0
0.566686 0.4333141 0 0
0.8194284 0.1805716 0 0
0.5 0.5 0 0
1 0 0 0
0.7279128 0.2720872 0 0
1 0 0 0
0.9981977 0.001802355 0 0
0.9972824 0.002717553 0 0
0.5613537 0.4386464 0 0
0.588873 0.411127 0 0
1 0 0 0
1 0 0 0
0.6995223 0.3004778 0 0
0.5044871 0.4955129 0 0
0.5163997 0.4836003 0 0
0.8717778 0.1282223 0 0
1 0 0 0
0.5031208 0.4968792 0 0
0.8383569 0.1616431 0 0
0.8194284 0.1805716 0 0
0.5031047 0.4968953 0 0
0.5 0.5 0 0
1 0 0 0
0.5796517 0.4203484 0 0
1 0 0 0
0.9908233 0.009176716 0 0
0.7056016 0.2943983 0 0
0.9663847 0.03361526 0 0
1 0 0 0
1 0 0 0
1 0 0 0
1 0 0 0
1 0 0 0
1 0 0 0
1 0 0 0
1 0 0 0
0.9960544 0.003945531 0 0
1 0 0 0
1 0 0 0
1 0 0 0
0.6455026 0.1967488 0.1538459 0.003902728
0.6533198 0.1806683 0.159967 0.006044914
0.6285049 0.2253677 0.1428788 0.003248686
0.6550883 0.1792751 0.1597463 0.005890385
0.6539586 0.18228 0.1575788 0.006182635
0.6520281 0.1839731 0.1576291 0.006369746
0.6477133 0.1907772 0.1574503 0.004059222
0.6282727 0.2261746 0.1423405 0.003212329
0.6209848 0.2544465 0.1227868 0.00178191
0.6285049 0.2253677 0.1428788 0.003248686
0.6281574 0.2268593 0.1418166 0.003166632
0.6308373 0.2578472 0.09490551 0.01640997
0.6401522 0.2107326 0.1394281 0.009687138
0.6041123 0.2861805 0.1084844 0.00122281
0.6210358 0.2543704 0.1228132 0.0017807
0.6478624 0.1892787 0.1586979 0.004160929
0.6539834 0.1807879 0.1591881 0.006040702
0.6291829 0.2236692 0.1438528 0.003295144
0.6534171 0.1831266 0.1571913 0.006265
0.6515709 0.1838283 0.1582556 0.006345356
0.6401264 0.2111123 0.1390271 0.009734208
0.6300979 0.2598481 0.09331486 0.01673915
0.6393152 0.2098846 0.1411086 0.009691622
0.6093651 0.2789655 0.1103934 0.001276118
0.6067816 0.2811109 0.1108003 0.001307157
0.6277083 0.2648403 0.08980313 0.01764826
0.6137382 0.3015062 0.06098789 0.0237677
0.6050004 0.2845085 0.1092442 0.001246873
0.6050201 0.2843437 0.1093812 0.001254912
0.593201 0.337094 0.03915256 0.03055248
0.5993989 0.3121161 0.06089832 0.02758667
0.5851058 0.3238232 0.09107103 0
0.6119431 0.3048177 0.05883378 0.02440543
0.5940573 0.3368843 0.03861551 0.03044293
0.50713 0.3940471 0.07922351 0.01959932
0.5568288 0.3623449 0.05400799 0.02681828
0.5252033 0.3942035 0.0636351 0.01695811
0.4963825 0.4234925 0.07340005 0.006724939
0.6032802 0.3332657 0.03379923 0.02965485
0.5991191 0.3335639 0.03782949 0.0294875
0.6012646 0.3355515 0.03309403 0.0300899
0.5641673 0.3763535 0.04024049 0.01923878
0.6029605 0.3335086 0.03383579 0.0296951
0.5937247 0.350981 0.03336993 0.02192437
0.5916572 0.3520934 0.03351646 0.02273301
0.5950004 0.3503126 0.03328155 0.02140545
0.5723338 0.371022 0.03915947 0.01748476
0.602743 0.3341106 0.03332279 0.02982364
0.5917796 0.3520308 0.03350815 0.02268133
0.5905662 0.3526701 0.03359262 0.02317096
0.5901819 0.3528738 0.0336195 0.02332482
0.5728168 0.3704102 0.03895006 0.01782288
0.5669475 0.3757733 0.04047561 0.01680353
0.533903 0.4016929 0.05139483 0.01300929
0.4742312 0.4445696 0.07978561 0.001413585
0.5039213 0.4272588 0.06219652 0.006623406
0.5951782 0.3399566 0.03406627 0.03079897
0.6393293 0.2138436 0.1366884 0.01013875
0.6206489 0.2552111 0.1223735 0.001766546
0.4633681 0.4437061 0.09292581 0
0.5719281 0.3344122 0.09365967 0
0.5564728 0.3623193 0.08120784 0
0.5540394 0.3656909 0.08026967 0
0.5387336 0.3892516 0.07201481 0
0.5473128 0.3786373 0.07404992 0
0.4879333 0.4575764 0.05449032 0
0.440378 0.4390574 0.1205646 0
0.4400327 0.4391222 0.1208451 0
0.6022617 0.2890255 0.1075177 0.00119504
0.4415229 0.4388644 0.1196127 0
0.4392549 0.4392549 0.1214901 0
0.4392538 0.4392538 0.1214924 0
0.4212378 0.3236651 0.1463574 0.1087397
0.3841809 0.2606492 0.1923803 0.1627895
0.377593 0.2946952 0.2340187 0.09369321
0.3688446 0.299179 0.2230352 0.1089412
0.3299609 0.3213245 0.2763724 0.07234226
0.3432158 0.2820037 0.269004 0.1057764
0.322359 0.322359 0.2967498 0.05853217
0.4380315 0.4380315 0.1239371 0
0.3168851 0.3168851 0.2756134 0.09061641
0.3076098 0.3076098 0.2983473 0.08643309
0.4389924 0.4389924 0.1220153 0
0.4415587 0.4388574 0.1195839 0
0.4413023 0.4389016 0.1197962 0
0.3152621 0.3152621 0.2852441 0.08423167
0.464017 0.3530572 0.1812248 0.001701053
0.4378694 0.4378694 0.1242611 0
0.4835511 0.2799244 0.2317642 0.004760459
0.3223592 0.3223592 0.2967496 0.05853206
0.4678508 0.2806304 0.2481674 0.003351497
0.3271359 0.3271359 0.2740055 0.07172275
0.3590631 0.2912442 0.2436406 0.106052
0.3662772 0.2858625 0.2569751 0.09088515
0.4534968 0.3573452 0.187486 0.001671913
0.4652668 0.2994022 0.2326804 0.002650663
0.4102669 0.3152337 0.1661256 0.1083737
0.4662272 0.3241781 0.2070774 0.002517394
0.4472233 0.4028516 0.149925 0
0.4469259 0.4042127 0.1488613 0
0.4522513 0.3687327 0.1776905 0.00132553
0.446617 0.4126922 0.1406908 0
0.4443079 0.4220378 0.1336543 0
0.4769233 0.2924898 0.2274589 0.003127972
0.4874733 0.3209343 0.1897104 0.001882031
0.4522803 0.3635746 0.182602 0.001543203
0.4468557 0.4115329 0.1416115 0
0.4442829 0.4229963 0.1327208 0
0.4633682 0.4437061 0.09292569 0
0.4623944 0.3600258 0.1760363 0.001543579
0.4651562 0.3301404 0.2023323 0.002371151
0.4461896 0.4143324 0.139478 0
0.4459761 0.4152383 0.1387855 0
0.4434545 0.4434545 0.113091 0
0.4507395 0.396696 0.1514346 0.001129909
0.4963813 0.4234912 0.07339972 0.006727805
0.4639274 0.3365225 0.1973327 0.002217456
0.4459111 0.4171438 0.1369451 0
0.5252027 0.3942029 0.06363504 0.01695934
0.4453677 0.4434459 0.1111864 0
0.4456062 0.4179565 0.1364374 0
0.4603709 0.4439488 0.09568032 0
0.4568775 0.3883572 0.1460653 0.008700037
0.50713 0.3940472 0.07922353 0.01959933
0.4601339 0.3695103 0.1690251 0.001330825
0.4430925 0.4430925 0.113815 0
0.4434544 0.4434544 0.1130911 0
0.441318 0.438695 0.119987 0
0.4417881 0.4388169 0.119395 0
0.4736633 0.3991966 0.1102928 0.01684728
0.4603708 0.4439487 0.09568044 0
0.4453675 0.4434458 0.1111867 0
0.5993988 0.3121162 0.06089834 0.02758666
0.6093652 0.2789655 0.1103933 0.001276115
0.6393153 0.2098844 0.1411086 0.009691599
0.593201 0.3370939 0.03915259 0.03055244
0.460926 0.4444489 0.09462507 0
0.5940573 0.3368842 0.03861554 0.03044289
0.4460078 0.4438471 0.1101451 0
0.4448878 0.4448878 0.1102245 0
0.4461467 0.4439038 0.1099495 0
0.4416879 0.4386359 0.1196761 0
0.4407266 0.4389971 0.1202763 0
0.4416228 0.4386606 0.1197166 0
0.4421214 0.4386027 0.119276 0
0.4459285 0.4437196 0.110352 0
0.4411127 0.4388268 0.1200605 0
0.4414929 0.4388675 0.1196396 0
0.4310403 0.2687612 0.1772432 0.1229553
0.4212378 0.3236651 0.1463574 0.1087397
0.377593 0.2946952 0.2340187 0.09369321
0.3950719 0.2518604 0.2306579 0.1224099
0.3468005 0.3468005 0.2154602 0.09093888
0.3299609 0.3213245 0.2763724 0.07234226
0.4174888 0.2167259 0.1872856 0.1784996
0.4477643 0.2106975 0.1726553 0.1688828
0.4296696 0.2593282 0.1806842 0.130318
0.3457547 0.3457547 0.2300169 0.0784736
0.322359 0.322359 0.2967498 0.05853217
0.3446205 0.3446205 0.2376153 0.07314371
0.3604083 0.3604083 0.1531983 0.125985
0.3076098 0.3076098 0.2983473 0.08643309
0.3223592 0.3223592 0.2967496 0.05853206
0.3457549 0.3457549 0.2300166 0.07847355
0.3271359 0.3271359 0.2740055 0.07172275
0.3468008 0.3468008 0.2154595 0.09093883
0.3662772 0.2858625 0.2569751 0.09088515
0.3594064 0.3594064 0.1494095 0.1317776
0.360854 0.360854 0.151285 0.1270071
0.3805558 0.3038547 0.1626433 0.1529463
0.399946 0.256731 0.1795525 0.1637705
0.3944202 0.2546828 0.215043 0.135854
0.3657049 0.322813 0.1966803 0.1148017
0.3593509 0.3593509 0.1754078 0.1058904
0.3611946 0.3611946 0.1728923 0.1047186
0.411078 0.2496427 0.2091821 0.1300973
0.3907116 0.3219174 0.2051439 0.08222708
0.3901348 0.3472547 0.1870334 0.07557701
0.391586 0.3209352 0.2356317 0.05184719
0.4251502 0.304808 0.2264862 0.04355563
0.4293966 0.2784932 0.2612495 0.03086073
0.4608716 0.2836508 0.2329341 0.02254349
0.4396886 0.3298809 0.2115088 0.0189217
0.4707328 0.3441568 0.1695267 0.0155837
0.4466997 0.3817395 0.1513585 0.02020223
0.4481882 0.403934 0.1092165 0.03866131
0.4263207 0.4263207 0.1128936 0.03446515
0.458186 0.3952892 0.07434017 0.07218464
0.4395673 0.4160458 0.08344448 0.06094243
0.4939751 0.3303508 0.1271883 0.04848573
0.3936365 0.2694643 0.2260274 0.1108718
0.3869964 0.2508084 0.2458059 0.1163892
0.3732771 0.2753292 0.2443525 0.1070411
0.4399287 0.3623316 0.1841834 0.01355632
0.4313783 0.3924735 0.1595964 0.01655194
0.4259848 0.4259848 0.1091196 0.03891073
0.4232483 0.4232483 0.1245991 0.02890438
0.4197857 0.4197857 0.1419018 0.01852671
0.4207363 0.4207363 0.1232553 0.03527214
0.4201909 0.4201909 0.1293882 0.03023001
0.4181841 0.4181841 0.1290356 0.03459615
0.422296 0.422296 0.1184973 0.03691068
0.42652 0.42652 0.1065322 0.04042778
0.4181847 0.4181847 0.1353015 0.02832908
0.4197264 0.4197264 0.1385438 0.02200331
0.4232483 0.4232483 0.1245991 0.02890438
0.4183136 0.4183136 0.1372227 0.02615017
0.4209942 0.4209942 0.121439 0.03657253
0.4185027 0.4185027 0.1443966 0.01859801
0.4208024 0.4208024 0.1260663 0.03232896
0.4186806 0.4186806 0.1329327 0.02970601
0.4253213 0.4253213 0.1135684 0.03578893
0.4206173 0.4206173 0.1377131 0.02105243
0.4237608 0.4237608 0.1243307 0.0281477
0.4260138 0.4260138 0.1243505 0.02362193
0.4281824 0.4281824 0.104906 0.03872923
0.4198459 0.4198459 0.1488184 0.01148984
0.4143385 0.4143385 0.1603338 0.01098915
0.4358025 0.4206545 0.08595257 0.05759046
0.4597392 0.3863805 0.08504445 0.06883582
0.4575949 0.3889086 0.08371482 0.06978171
