MeshAnim
1
15
51
30
0.00882606 -0.992525 -0.1217228 0
0.03662717 -0.121325 0.9919372 0
-0.9992899 -0.01321329 0.03528249 0
0.0005279285 0.1611261 -0.02896823 1

0.9997582 0.0003374007 -0.02198122 0
-0.0002797581 0.9999968 0.002625386 0
0.02198204 -0.002618602 0.9997552 0
0.001192769 0.1275968 0.0007556334 1

0.2321314 0.8701311 -0.4347265 0
0.4258579 -0.4927389 -0.7588505 0
-0.8745055 -0.008978751 -0.4849324 0
-0.0377023 0.1275837 0.001610801 1

-0.3105507 0.8322225 -0.4593086 0
-0.2882054 -0.5428907 -0.7888018 0
-0.9058122 -0.1125878 0.408446 0
0.04008783 0.1276099 -9.953376E-05 1

0.01607644 -0.9964899 0.08215591 0
0.03407067 0.08266474 0.995995 0
-0.99929 -0.01321298 0.03527997 0
0.0001764507 0.2006512 -0.02412088 1

0.0377859 -0.9009251 -0.4323269 0
0.09832062 -0.4271847 0.8988031 0
-0.9944371 -0.07646873 0.07243788 0
-0.0005674433 0.2467611 -0.02792242 1

-0.3138165 0.7728141 0.5516141 0
0.3698096 0.6345693 -0.6786478 0
-0.8745055 -0.008978762 -0.4849324 0
-0.07924587 -0.02814005 0.07941196 1

0.3097541 0.4817506 0.8197374 0
-0.2890613 0.869046 -0.4015011 0
-0.9058122 -0.1125878 0.408446 0
0.09560829 -0.0211754 0.08201597 1

0.06962288 0.6893137 -0.7211102 0
0.1069521 -0.7238557 -0.681612 0
-0.9918235 -0.02966845 -0.1241204 0
-0.02726945 -0.1561388 -0.01195014 1

-0.08187629 0.9964218 -0.02098382 0
-0.3267795 -0.04673038 -0.9439449 0
-0.9415472 -0.07042966 0.3294363 0
0.044314 -0.1009518 -0.05372997 1

-0.008406913 -0.6278983 -0.7782507 0
0.1049952 -0.7745301 0.6237627 0
-0.9944372 -0.07646862 0.07243761 0
-0.003558049 0.3180658 0.00629455 1

0.2385038 0.01105955 -0.971079 0
-0.08082011 -0.9962407 -0.0311962 0
-0.9677727 0.08592313 -0.2367133 0
-0.03113049 -0.1943657 0.02804009 1

-0.2526344 0.7049511 -0.6627368 0
-0.1354713 -0.7039803 -0.6971802 0
-0.9580309 -0.08634993 0.2733503 0
0.04891359 -0.1569282 -0.05255115 1

0.9787417 0.1871335 0.08394209 0
-0.1764869 0.5599339 0.8095232 0
0.1044869 -0.8071284 0.5810569 0
-0.02125155 0.3219206 0.03495796 1

-0.8473592 0.04975671 0.5286846 0
0.4376077 0.6294009 0.642149 0
-0.3008029 0.7754868 -0.5551022 0
0.0172861 0.324884 0.0321508 1

-0.2609038 -0.6255461 -0.7352701 0
0.04413833 0.7531234 -0.6563976 0
0.9643553 -0.2037101 -0.1688821 0
-0.003167725 0.3472189 0.04242847 1

0.4911324 0.8195073 0.2952927 0
0.1665619 0.244389 -0.9552656 0
-0.8550127 0.5183462 -0.01647142 0
-0.07578117 0.3079877 0.0260997 1

-0.2456934 0.6781529 0.6926363 0
-0.6552529 0.4103718 -0.6342238 0
-0.714338 -0.6096762 0.3435358 0
0.06331936 0.3182116 -0.0007345144 1

-0.1780215 -0.8736338 -0.4528503 0
-0.05381187 0.4681557 -0.8820068 0
0.9825542 -0.1326473 -0.1303535 0
0.004154728 0.3647753 0.06306435 1

0.3932874 0.6273709 -0.67211 0
-0.3380518 -0.5811405 -0.7402693 0
-0.8550128 0.5183463 -0.01647141 0
-0.129944 0.2250537 -0.004561586 1

-0.6598863 0.7502661 -0.04064408 0
-0.2329634 -0.2557283 -0.9382609 0
-0.7143382 -0.6096763 0.3435358 0
0.09244718 0.2510727 -0.07427002 1

0.4135705 0.6703646 -0.6160933 0
-0.8471649 0.5312483 0.009361369 0
0.3335739 0.5180613 0.7876184 0
-0.1826236 0.1651468 0.06703126 1

-0.7189733 0.6582804 -0.2230363 0
0.6566932 0.538269 -0.5282246 0
-0.2276663 -0.5262458 -0.8192896 0
0.172553 0.179681 -0.07438072 1

-0.06986237 0.3442825 -0.9362639 0
-0.430453 -0.8570854 -0.2830479 0
-0.8999057 0.3832434 0.2080753 0
-0.1772963 0.1569664 0.08664233 1

-0.5200612 0.3567989 -0.7760363 0
0.1652461 -0.8493741 -0.5012578 0
-0.8379922 -0.3889214 0.3827667 0
0.1807801 0.1716463 -0.0557354 1

0.1905446 0.7891783 -0.5838585 0
-0.7615119 0.4941595 0.4194126 0
0.61951 0.3646986 0.6951286 0
-0.1958328 0.143616 0.1027569 1

0.6801221 0.5657982 -0.4661629 0
0.691114 -0.7069531 0.1502677 0
-0.2445339 -0.4243719 -0.8718452 0
0.2027891 0.1536442 -0.06367169 1

0.1391916 0.9550118 -0.2618758 0
-0.9882131 0.1169403 -0.09879463 0
-0.06372584 0.2725408 0.9600323 0
-0.1968739 0.1303444 0.07536843 1

0.6083302 0.5452954 -0.5767052 0
0.7537429 -0.6245185 0.2045726 0
-0.2486101 -0.5591347 -0.7909256 0
0.1964597 0.1498633 -0.07047832 1

0.1194207 0.9493315 -0.2907046 0
-0.9738151 0.1690495 0.1520097 0
0.1934511 0.2649397 0.9446614 0
-0.1984779 0.1351648 0.08494936 1

0.1566974 0.8654362 -0.4758855 0
-0.9028988 0.3208061 0.2861084 0
0.4002752 0.3848439 0.8316708 0
-0.1992069 0.1386007 0.09399687 1

0.6818836 0.5298014 -0.5043274 0
0.7107688 -0.6427576 0.2857824 0
-0.1727522 -0.5533305 -0.8148524 0
0.2055422 0.1587106 -0.05472589 1

0.4845856 0.6440946 -0.5918782 0
0.7565392 -0.6482625 -0.0860551 0
-0.4391196 -0.4060781 -0.8014217 0
0.1894709 0.1451569 -0.07675672 1

-0.4797041 0.8415629 -0.2483091 0
-0.2135642 -0.3864713 -0.8972361 0
-0.8510438 -0.3773776 0.3651192 0
0.1892631 0.1658263 -0.04307703 1

0.8684714 -0.4435919 0.2213246 0
-0.4931717 -0.7277026 0.4766885 0
-0.05039681 -0.5231413 -0.8507559 0
0.1940317 0.1497672 -0.04621264 1

-0.2188548 0.8423172 -0.4925496 0
-0.7765571 0.155289 0.6106102 0
0.5908147 0.5161279 0.6201224 0
-0.1990493 0.1302943 0.1126127 1

0.8828898 -0.4633352 -0.07633953 0
-0.3597242 -0.7718388 0.5242756 0
-0.3018368 -0.4354163 -0.8481212 0
0.1901512 0.1431305 -0.05500952 1

-0.1098788 0.9623736 -0.2485265 0
-0.9921095 -0.1213832 -0.03140243 0
-0.06038741 0.2431151 0.9681165 0
-0.1985649 0.1187423 0.07854988 1

0.8989831 -0.4367595 -0.03273998 0
-0.3039817 -0.6760066 0.6712765 0
-0.3153183 -0.5935133 -0.7404851 0
0.186281 0.1407393 -0.06082872 1

-0.08704654 0.5290864 -0.8440922 0
-0.436021 -0.7820745 -0.445249 0
-0.8957174 0.3292847 0.2987694 0
-0.1761567 0.1513507 0.1019142 1

0.01528408 0.9507796 -0.3094926 0
-0.9808516 0.07436135 0.1800023 0
0.1941567 0.3008153 0.9337101 0
-0.2004939 0.1191393 0.08985671 1

-0.2488109 0.8688022 -0.4281089 0
-0.8939126 -0.0358341 0.4468073 0
0.3728459 0.4938624 0.7855492 0
-0.2021187 0.1225193 0.1028397 1

0.8328655 -0.4284711 -0.3503545 0
-0.1180027 -0.7559184 0.643944 0
-0.5407503 -0.494976 -0.6801395 0
0.1835838 0.137332 -0.06956615 1

-0.002563125 -0.8883326 0.4591957 0
-0.9551985 0.1380782 0.2617859 0
-0.2959574 -0.4379518 -0.8488876 0
0.1791857 0.1488852 -0.05406134 1

-0.2400566 0.9449329 -0.2224322 0
-0.9674073 -0.2518882 -0.02600831 0
-0.08060378 0.2089394 0.9746019 0
-0.1977115 0.1112683 0.08047998 1

0.1000393 -0.8101873 0.5775728 0
-0.9447734 0.1047247 0.3105428 0
-0.3120836 -0.5767415 -0.7549668 0
0.1781467 0.1446912 -0.06053251 1

-0.2559174 0.945481 -0.2014281 0
-0.9557968 -0.2162724 0.1991957 0
0.1447725 0.2435022 0.9590356 0
-0.2006322 0.1105347 0.09265766 1

0.4247245 -0.8430152 0.3300545 0
-0.7600046 -0.1339082 0.6359738 0
-0.4919378 -0.5209562 -0.6975694 0
0.1771157 0.1406595 -0.06684525 1

-0.2901035 0.8559968 -0.4279137 0
-0.7532911 0.0715326 0.6537858 0
0.590248 0.5120093 0.6240636 0
-0.1967699 0.1215215 0.1177426 1

-0.1732257 0.1903451 -0.966314 0
-0.3859567 -0.9157904 -0.1112054 0
-0.9061078 0.3536921 0.2321035 0
-0.1749553 0.1440483 0.1135642 1

-0.2118351 0.8737871 -0.4377481 0
-0.9017414 -0.002053209 0.4322716 0
0.3768142 0.4863058 0.788365 0
-0.1990184 0.1116937 0.1081742 1

0.009903422 -0.993128 -0.1166145 0
0.04228319 -0.1161002 0.9923375 0
-0.9990565 -0.01475847 0.04084281 0
0.0009297327 0.1619425 -0.03230076 1

0.9997573 -0.0004208311 -0.02202366 0
0.0003488171 0.9999948 -0.003273589 0
0.02202492 0.003265112 0.9997523 0
0.001574825 0.1285887 -0.002379652 1

0.2542877 0.9451777 -0.2048833 0
0.506375 -0.3106076 -0.8044301 0
-0.8239672 0.1008089 -0.557598 0
-0.0373202 0.1286051 -0.001522833 1

-0.3067201 0.6831917 -0.6627007 0
-0.2833501 -0.7302339 -0.6216689 0
-0.9086448 -0.00290198 0.4175597 0
0.04046985 0.1285723 -0.00323647 1

0.01827941 -0.9960197 0.08723883 0
0.03939017 0.0879029 0.9953501 0
-0.9990566 -0.01475817 0.04084018 0
0.0005353513 0.2014916 -0.02765683 1

0.04234426 -0.9012991 -0.4311233 0
0.1268345 -0.4231699 0.8971292 0
-0.9910196 -0.09266966 0.09639694 0
-0.0003104788 0.2475797 -0.03169357 1

-0.3319638 0.7116129 0.6191994 0
0.4592146 0.6953022 -0.5528809 0
-0.8239672 0.1008089 -0.557598 0
-0.08282901 -0.0405494 0.03514427 1

0.2729906 0.7525553 0.5992808 0
-0.3159757 0.6585234 -0.683013 0
-0.9086448 -0.002901989 0.4175597 0
0.09530547 0.006430864 0.1152416 1

0.06937139 0.684848 -0.7253768 0
0.1076505 -0.7280216 -0.6770501 0
-0.9917656 -0.03111921 -0.1242278 0
-0.0278469 -0.1584116 -0.06741174 1

0.00596201 0.8975064 -0.4409619 0
-0.3152026 -0.4168038 -0.8525975 0
-0.9490057 0.1440756 0.2804113 0
0.05009909 -0.1181899 0.01600257 1

-0.01661664 -0.6299702 -0.7764419 0
0.1326794 -0.771071 0.6227733 0
-0.9910198 -0.09266954 0.09639668 0
-0.003661861 0.318914 0.002428134 1

0.2387933 0.005160446 -0.9710574 0
-0.08013319 -0.9964709 -0.02500119 0
-0.9677584 0.08378401 -0.2375367 0
-0.03169401 -0.1963908 -0.02718494 1

-0.1798544 0.375716 -0.9091151 0
-0.185923 -0.9205121 -0.3436439 0
-0.9659633 0.1072196 0.2354123 0
0.04976416 -0.1686095 0.04077469 1

0.9780722 0.2023915 0.04911925 0
-0.1575783 0.5649405 0.8099458 0
0.1361766 -0.7999253 0.5844452 0
-0.02072647 0.322551 0.03149845 1

-0.8344701 0.01818524 0.5507539 0
0.4294054 0.6478387 0.6292198 0
-0.3453564 0.7615614 -0.5484107 0
0.01767874 0.3261422 0.02776279 1

-0.3025369 -0.6304822 -0.7148179 0
0.008048325 0.7482462 -0.663373 0
0.9531037 -0.2064478 -0.2212977 0
-0.00289036 0.3481634 0.0384781 1

0.4852241 0.8617356 0.1482217 0
0.03826714 0.1484237 -0.9881838 0
-0.8735521 0.4851624 0.03904264 0
-0.07530656 0.3077287 0.02461449 1

-0.2072511 0.6238706 0.7535477 0
-0.6897504 0.4530517 -0.564792 0
-0.6937522 -0.6368132 0.3364193 0
0.06305745 0.3211759 -0.006312652 1

-0.1906747 -0.8706135 -0.4535154 0
-0.08821691 0.4753189 -0.8753805 0
0.9776815 -0.1269051 -0.167434 0
0.005600558 0.3658583 0.05853998 1

0.2869163 0.5780746 -0.7638779 0
-0.3931742 -0.6560848 -0.6441798 0
-0.8735523 0.4851624 0.03904266 0
-0.1289281 0.2202921 0.009405125 1

-0.6665009 0.7446747 0.03516969 0
-0.2729194 -0.1998247 -0.9410565 0
-0.6937523 -0.6368133 0.3364194 0
0.08809611 0.2598013 -0.08612322 1

0.3114529 0.6265624 -0.7144346 0
-0.863425 0.500578 0.06260492 0
0.3968561 0.5973621 0.6968964 0
-0.1705045 0.1652343 0.09143902 1

-0.7365478 0.6581824 -0.1558661 0
0.6236966 0.5717256 -0.5330418 0
-0.261726 -0.4898239 -0.8316094 0
0.1686353 0.1893605 -0.09420337 1

-0.1900311 0.2568344 -0.9475894 0
-0.4211844 -0.8931741 -0.1576209 0
-0.8868442 0.3691568 0.2779055 0
-0.1626455 0.1590227 0.1109209 1

-0.5616888 0.3860667 -0.7317512 0
0.1500339 -0.8222585 -0.5489838 0
-0.8136316 -0.4181454 0.4039299 0
0.1778617 0.1805632 -0.07638854 1

0.08843115 0.7400521 -0.6667105 0
-0.7305847 0.5031577 0.4616045 0
0.6770717 0.4462683 0.585166 0
-0.1786398 0.1465338 0.1301493 1

0.6498379 0.5965952 -0.4709421 0
0.705695 -0.7037228 0.08228213 0
-0.2823235 -0.3858113 -0.87832 0
0.1996572 0.1632626 -0.08624306 1

0.06636401 0.9320721 -0.3561428 0
-0.9972573 0.07368149 0.007004096 0
0.03276946 0.3547012 0.9344058 0
-0.1821691 0.1308453 0.104289 1

0.5729277 0.5803809 -0.5787173 0
0.7699783 -0.6231066 0.1373783 0
-0.2808706 -0.5243072 -0.8038754 0
0.1930437 0.1597226 -0.09290768 1

0.04374389 0.9231689 -0.3818976 0
-0.9570326 0.1484076 0.2491267 0
0.2866624 0.3545908 0.8899949 0
-0.1828961 0.1364428 0.1135487 1

0.06361171 0.8244262 -0.5623838 0
-0.8782619 0.3138594 0.3607612 0
0.47393 0.4709713 0.7440277 0
-0.1827532 0.1406447 0.1222962 1

0.6501282 0.5624797 -0.5108339 0
0.7312673 -0.6457712 0.2196113 0
-0.2063549 -0.5163312 -0.8311573 0
0.2027895 0.1679358 -0.07720841 1

0.4474667 0.6780783 -0.5830823 0
0.7587275 -0.6329812 -0.1538466 0
-0.4733998 -0.3735591 -0.7977148 0
0.1858082 0.155224 -0.09905773 1

-0.5009201 0.8457305 -0.1839035 0
-0.2530752 -0.3463245 -0.9033356 0
-0.8276674 -0.4059573 0.3875141 0
0.1870238 0.1742658 -0.06445251 1

0.8833216 -0.4416197 0.1572131 0
-0.4607618 -0.7562315 0.4645579 0
-0.08626875 -0.4827915 -0.8714772 0
0.191815 0.1584408 -0.06858534 1

-0.3100322 0.7870381 -0.5333397 0
-0.7089744 0.1823683 0.6812471 0
0.6334313 0.5893326 0.5014503 0
-0.1801325 0.1340415 0.1414037 1

0.8832854 -0.4470046 -0.1414051 0
-0.3246375 -0.8007386 0.5034186 0
-0.3382587 -0.3987566 -0.8523951 0
0.1875819 0.1521767 -0.07749204 1

-0.1796987 0.9320422 -0.3146529 0
-0.9829764 -0.1576767 0.09432055 0
0.03829728 0.3262455 0.9445095 0
-0.1829754 0.1195218 0.1086157 1

0.9012027 -0.4223101 -0.09741163 0
-0.2628192 -0.7112389 0.6519718 0
-0.3446169 -0.5619565 -0.7519615 0
0.1834572 0.1500115 -0.08322442 1

-0.204899 0.4484207 -0.8700207 0
-0.4482992 -0.8331593 -0.323843 0
-0.8700831 0.3236746 0.3717402 0
-0.1595459 0.1548333 0.1263775 1

-0.06180686 0.9193613 -0.3885296 0
-0.9566699 0.05640708 0.2856595 0
0.2845399 0.3893502 0.8760388 0
-0.1836346 0.1208589 0.1199955 1

-0.3336857 0.818119 -0.4683329 0
-0.835444 -0.02651296 0.5489362 0
0.4366781 0.5744377 0.6923398 0
-0.1839352 0.1253253 0.1327464 1

0.8194314 -0.3998574 -0.4106668 0
-0.07751261 -0.7871978 0.6118115 0
-0.5679126 -0.4695054 -0.6760485 0
0.1803721 0.1469862 -0.09197401 1

0.03019 -0.9090886 0.4155103 0
-0.9426576 0.1123444 0.3142881 0
-0.3323957 -0.401172 -0.8535674 0
0.1766115 0.1577285 -0.07573579 1

-0.3052089 0.9125403 -0.2722473 0
-0.9520656 -0.2862563 0.1078375 0
0.02047361 0.2921101 0.9561659 0
-0.1815798 0.1122834 0.1110593 1

0.1376005 -0.8352503 0.5323765 0
-0.9294643 0.07685873 0.3608181 0
-0.342291 -0.5444734 -0.7657596 0
0.1753029 0.1538326 -0.08234303 1

-0.318612 0.914414 -0.2496671 0
-0.91676 -0.2303261 0.3263451 0
0.2409095 0.3328623 0.9116831 0
-0.1830752 0.1125387 0.1235117 1

0.4500536 -0.8518193 0.2680626 0
-0.7261809 -0.1743966 0.6650178 0
-0.5197251 -0.493955 -0.6970625 0
0.1740083 0.1500916 -0.08878471 1

-0.3740854 0.8039728 -0.4622642 0
-0.6773062 0.1036429 0.7283643 0
0.6334953 0.5855647 0.505765 0
-0.1769035 0.1258443 0.1469586 1

-0.2891978 0.09737423 -0.9523044 0
-0.3550634 -0.9347624 0.01224561 0
-0.8889858 0.3416699 0.3049054 0
-0.1567179 0.1486443 0.1383854 1

-0.2982879 0.8234909 -0.4825845 0
-0.8463488 0.005548676 0.5326007 0
0.4412691 0.5673029 0.6953055 0
-0.1797774 0.1151311 0.138582 1

0.003975956 -0.9939296 -0.1099468 0
0.04885628 -0.1096233 0.992772 0
-0.9987978 -0.009318815 0.04812386 0
0.001216579 0.162506 -0.03308735 1

0.9997564 -0.0008486193 -0.02205122 0
0.0007032159 0.9999782 -0.006600823 0
0.02205634 0.006583709 0.9997353 0
0.001850753 0.1292518 -0.003055461 1

0.2286901 0.9708009 0.07243519 0
0.5774075 -0.07536028 -0.8129711 0
-0.7837738 0.2277431 -0.5777819 0
-0.03704424 0.1292848 -0.00219757 1

-0.3221698 0.6081641 -0.7254952 0
-0.368742 -0.7864468 -0.4955114 0
-0.871915 0.1078819 0.477625 0
0.04074575 0.1292188 -0.003913351 1

0.01380952 -0.99549 0.09385572 0
0.0470295 0.09440739 0.9944223 0
-0.998798 -0.009318515 0.04812114 0
0.001058246 0.2020871 -0.02870896 1

0.005854043 -0.913723 -0.4062956 0
0.1569474 -0.4004276 0.9027877 0
-0.9875895 -0.06905199 0.1410624 0
0.0004192474 0.2481507 -0.03305187 1

-0.2989003 0.67717 0.6723838 0
0.5443869 0.6996959 -0.4626756 0
-0.7837738 0.2277431 -0.5777819 0
-0.07797194 -0.04445536 -0.01516099 1

0.2677571 0.9217194 0.2806068 0
-0.4099636 0.3725525 -0.8325471 0
-0.871915 0.1078819 0.477625 0
0.09834346 0.02049077 0.1257912 1

0.05343623 0.716855 -0.6951721 0
0.1129048 -0.6960396 -0.7090713 0
-0.9921678 -0.04059805 -0.11813 0
-0.02846603 -0.1566128 -0.1265258 1

0.02028177 0.667463 -0.7443671 0
-0.3817227 -0.6829492 -0.6227912 0
-0.9240542 0.2967731 0.2409343 0
0.05400373 -0.132143 0.07932357 1

-0.06253617 -0.6510013 -0.7564965 0
0.1440691 -0.7559296 0.6386041 0
-0.9875897 -0.06905189 0.1410621 0
-4.407694E-05 0.3204683 -0.0008951812 1

0.2308687 0.05117867 -0.9716387 0
-0.06564967 -0.9955211 -0.06803556 0
-0.9707677 0.079495 -0.2264746 0
-0.03142942 -0.1963671 -0.08797405 1

-0.2149659 0.02186996 -0.9763769 0
-0.2458202 -0.9687735 0.03242171 0
-0.9451784 0.2469828 0.2136293 0
0.05286435 -0.1696394 0.1211402 1

0.9834297 0.1797347 -0.02370308 0
-0.09121446 0.6035458 0.7920942 0
0.1566727 -0.7768066 0.6099392 0
-0.0157651 0.3252771 0.02875672 1

-0.8100855 0.05293158 0.5839183 0
0.4688344 0.6565177 0.5909145 0
-0.3520742 0.7524517 -0.5566515 0
0.02250719 0.3279532 0.02329014 1

-0.3598149 -0.6371266 -0.6816183 0
-0.005260297 0.7319211 -0.6813694 0
0.933009 -0.2415813 -0.2667076 0
0.002859456 0.3506941 0.03422875 1

0.4991012 0.8653141 0.04615197 0
-0.09477784 0.1074515 -0.9896832 0
-0.8613451 0.4895779 0.1356418 0
-0.07099579 0.3115428 0.02610902 1

-0.1796702 0.5993103 0.7800946 0
-0.6906862 0.4878158 -0.5338443 0
-0.7004799 -0.6347159 0.3262889 0
0.0663039 0.320978 -0.0124621 1

-0.2020371 -0.8723567 -0.445169 0
-0.1024067 0.470868 -0.8762404 0
0.9740092 -0.1314447 -0.1844679 0
0.01295792 0.3685755 0.05335886 1

0.1869025 0.5536618 -0.8114969 0
-0.4723901 -0.6736269 -0.5683976 0
-0.8613452 0.489578 0.1356418 0
-0.1260086 0.2237523 0.02184579 1

-0.6552678 0.7531427 0.05832074 0
-0.2827593 -0.1729542 -0.9434704 0
-0.70048 -0.634716 0.3262889 0
0.08851919 0.2621375 -0.09497145 1

0.2175655 0.603519 -0.7670923 0
-0.8482861 0.505656 0.1572367 0
0.4827797 0.6165044 0.6219705 0
-0.1567554 0.1713557 0.1101563 1

-0.7254631 0.6698963 -0.1579346 0
0.6336699 0.560533 -0.5331662 0
-0.2686385 -0.4868706 -0.8311392 0
0.1679583 0.1907587 -0.1053754 1

-0.3096505 0.2289267 -0.9228815 0
-0.4379562 -0.8958399 -0.07527362 0
-0.8439857 0.3808732 0.3776572 0
-0.1464697 0.1657026 0.1286533 1

-0.5543399 0.3939831 -0.7331346 0
0.1372534 -0.8255293 -0.5474166 0
-0.8208957 -0.4040796 0.4035479 0
0.1770163 0.1818414 -0.08753379 1

0.002488557 0.7192782 -0.6947182 0
-0.6655032 0.5197259 0.5357155 0
0.7463911 0.4610038 0.4799756 0
-0.1598742 0.1538621 0.1501391 1

0.6601342 0.585075 -0.4710746 0
0.6939636 -0.7150491 0.08438574 0
-0.2874695 -0.3826145 -0.8780492 0
0.1985381 0.1641696 -0.09733068 1

0.02034084 0.9206517 -0.3898555 0
-0.9881648 0.0778124 0.132197 0
0.1520429 0.3825524 0.9113384 0
-0.1666834 0.1374159 0.1254308 1

0.5831087 0.5699421 -0.5789227 0
0.7594877 -0.635404 0.1394327 0
-0.2883812 -0.5209888 -0.8033736 0
0.1918761 0.1607272 -0.1039982 1

-0.005388166 0.9110664 -0.412225 0
-0.9172961 0.1596376 0.3648074 0
0.3981701 0.3800979 0.8348577 0
-0.1662197 0.1432926 0.1345332 1

-0.00877659 0.8068541 -0.5906862 0
-0.8248811 0.3280629 0.460377 0
0.5652388 0.4912862 0.6626794 0
-0.1649587 0.1477554 0.1430589 1

0.6599178 0.5508925 -0.510908 0
0.720304 -0.6572931 0.2216521 0
-0.2137099 -0.514281 -0.8305696 0
0.2017349 0.168806 -0.08829969 1

0.4592708 0.6696737 -0.5836167 0
0.7484537 -0.6455836 -0.15179 0
-0.478423 -0.3670974 -0.7977176 0
0.184576 0.1563374 -0.1101503 1

-0.4867583 0.8535118 -0.1859722 0
-0.2575447 -0.3436534 -0.9030927 0
-0.8347088 -0.3916911 0.3870932 0
0.1860584 0.175415 -0.07557518 1

0.8757632 -0.4557656 0.1591156 0
-0.4736918 -0.7477981 0.465205 0
-0.09303828 -0.4827808 -0.8707865 0
0.1905951 0.1595067 -0.07967537 1

-0.3756395 0.7718393 -0.5129907 0
-0.6160027 0.2056153 0.7604367 0
0.6924132 0.6016535 0.3982182 0
-0.1599162 0.1417204 0.1618662 1

0.8760254 -0.461652 -0.1394934 0
-0.3383644 -0.7944634 0.5043205 0
-0.3436428 -0.3945978 -0.8521765 0
0.1862715 0.1532978 -0.08857723 1

-0.2183937 0.9228471 -0.3172674 0
-0.9628516 -0.1508653 0.2239589 0
0.158815 0.3543924 0.9215123 0
-0.1669305 0.1262311 0.1301671 1

0.8942883 -0.43718 -0.09551677 0
-0.2752813 -0.705739 0.652805 0
-0.3528029 -0.5575015 -0.7514815 0
0.1821193 0.1511907 -0.09431145 1

-0.3144599 0.4228199 -0.8499056 0
-0.4861037 -0.8407522 -0.238411 0
-0.8153644 0.3381718 0.4699171 0
-0.1414188 0.1619684 0.1437069 1

-0.1109201 0.9074793 -0.4051899 0
-0.9122711 0.06877875 0.4037718 0
0.3942827 0.4144294 0.8202381 0
-0.1661287 0.127913 0.1414919 1

-0.3907815 0.8049578 -0.4464683 0
-0.7583736 -0.006653829 0.6517869 0
0.5216895 0.5932956 0.6130589 0
-0.1647956 0.1327625 0.1540349 1

0.8133014 -0.4139186 -0.408917 0
-0.09119157 -0.7847904 0.6130166 0
-0.5746528 -0.4612773 -0.6760173 0
0.1789964 0.1482016 -0.1030601 1

0.01475376 -0.9087595 0.4170617 0
-0.9410965 0.1283012 0.3128544 0
-0.3378187 -0.3971108 -0.8533373 0
0.1753913 0.1590315 -0.08684471 1

-0.3374507 0.9051291 -0.2585913 0
-0.9304762 -0.2791012 0.237313 0
0.1426256 0.3206944 0.9363836 0
-0.1652345 0.1190642 0.1326311 1

0.1232077 -0.8364944 0.5339462 0
-0.928547 0.09268203 0.3594595 0
-0.3501731 -0.540082 -0.7653054 0
0.1740276 0.1551464 -0.09344721 1

-0.3478556 0.9077351 -0.2345504 0
-0.8675079 -0.216755 0.4477132 0
0.3555649 0.3592141 0.8628674 0
-0.1651249 0.1197003 0.1451589 1

0.4356897 -0.8586246 0.2700738 0
-0.7298014 -0.1613566 0.6643457 0
-0.5268449 -0.4865484 -0.6969268 0
0.1726802 0.1514162 -0.09988439 1

-0.4300744 0.7911611 -0.4348572 0
-0.5785743 0.1282199 0.8054887 0
0.6930282 0.598017 0.4026018 0
-0.1560038 0.1336815 0.1672092 1

-0.4086187 0.06979115 -0.9100336 0
-0.3506544 -0.9325545 0.08593047 0
-0.8426585 0.3542204 0.4055319 0
-0.1370787 0.1561327 0.1554371 1

-0.3574969 0.8097574 -0.4652847 0
-0.7712755 0.02494416 0.6360132 0
0.5266218 0.5862351 0.6156287 0
-0.1599264 0.1227324 0.1595981 1

-0.004297028 -0.9946347 -0.1033612 0
0.05602667 -0.1034392 0.9930568 0
-0.9984199 -0.001523777 0.05617055 0
0.0007891729 0.1625718 -0.03201749 1

0.9997559 -0.001010278 -0.02206885 0
0.0008370373 0.999969 -0.007857836 0
0.0220761 0.007837445 0.9997258 0
0.00141946 0.1293552 -0.001943827 1

0.2223965 0.9461878 0.2350934 0
0.547797 0.0782007 -0.8329487 0
-0.8065099 0.3140283 -0.5009273 0
-0.03747551 0.1293945 -0.00108525 1

-0.3247979 0.6169339 -0.7168674 0
-0.5087607 -0.752924 -0.4174549 0
-0.7972883 0.2291255 0.5584199 0
0.04031443 0.1293159 -0.002802403 1

0.007164184 -0.9949252 0.1003618 0
0.05572981 0.1006057 0.9933643 0
-0.9984201 -0.001523487 0.05616774 0
0.000960293 0.2021809 -0.02790135 1

-0.04569542 -0.9296991 -0.3654749 0
0.1900358 -0.3672661 0.9104957 0
-0.9807131 -0.02784781 0.1934585 0
0.0006287899 0.2482184 -0.03254532 1

-0.2998075 0.5130261 0.8043136 0
0.5095657 0.7988685 -0.3196127 0
-0.8065099 0.3140283 -0.5009273 0
-0.07727686 -0.03994074 -0.04315893 1

0.2478656 0.9678302 -0.04321858 0
-0.5503579 0.1039552 -0.8284321 0
-0.7972883 0.2291255 0.5584199 0
0.09838203 0.01902001 0.1253596 1

-0.08088132 0.9245486 -0.3723825 0
0.1579982 -0.3569898 -0.9206495 0
-0.9841213 -0.1332991 -0.1172031 0
-0.02762071 -0.1249116 -0.1763748 1

-0.07955579 0.442189 -0.8933868 0
-0.3931992 -0.8374798 -0.3795032 0
-0.9160049 0.3210872 0.2404947 0
0.05733626 -0.1412496 0.1325165 1

-0.1233222 -0.6797377 -0.7230138 0
0.1516351 -0.7329267 0.6631936 0
-0.9807132 -0.02784771 0.1934582 0
0.004245402 0.3218004 -0.003619426 1

0.163262 0.4427856 -0.881639 0
0.05832489 -0.8963978 -0.4393974 0
-0.9848572 0.0203154 -0.172173 0
-0.02313533 -0.1761837 -0.1557238 1

-0.2965394 -0.2492326 -0.9219261 0
-0.187217 -0.9314456 0.3120247 0
-0.9364902 0.2651278 0.2295497 0
0.0618055 -0.1660907 0.1827047 1

0.9842145 0.1357401 -0.1135629 0
-0.003286172 0.6555772 0.7551215 0
0.1769494 -0.7428282 0.6456746 0
-0.009749685 0.3284138 0.02654531 1

-0.7749338 0.1338321 0.6177114 0
0.5387731 0.6508582 0.5348909 0
-0.3304564 0.7473109 -0.5764769 0
0.02825612 0.329493 0.01904821 1

-0.4110063 -0.6255995 -0.6630986 0
0.0003238823 0.7272745 -0.6863472 0
0.9116327 -0.2823077 -0.2987117 0
0.009971217 0.3533605 0.02994989 1

0.5720202 0.820223 0.005214318 0
-0.197286 0.1437513 -0.9697499 0
-0.79616 0.553688 0.2440472 0
-0.06548708 0.3169103 0.02920666 1

-0.1682347 0.6080214 0.7758921 0
-0.6717054 0.505372 -0.5416751 0
-0.7214635 -0.612299 0.3233899 0
0.06968056 0.317962 -0.01831596 1

-0.1960795 -0.8687063 -0.4548655 0
-0.09497265 0.4785134 -0.8729295 0
0.975978 -0.1279638 -0.1763299 0
0.02150641 0.3709183 0.04856025 1

0.1479458 0.5692136 -0.8087699 0
-0.5867207 -0.6078045 -0.5351013 0
-0.79616 0.553688 0.2440472 0
-0.1278064 0.2340373 0.02960017 1

-0.6379629 0.7693432 0.03339959 0
-0.2692481 -0.1822142 -0.9456772 0
-0.7214635 -0.6122991 0.3233899 0
0.09081866 0.2581037 -0.100375 1

0.1873576 0.614461 -0.7663777 0
-0.7795426 0.5677142 0.264602 0
0.597671 0.5478488 0.5853645 0
-0.1535295 0.1807823 0.1189967 1

-0.698323 0.6830054 -0.2141254 0
0.6698769 0.5182014 -0.5317268 0
-0.2522122 -0.5147547 -0.8194015 0
0.1687003 0.1846957 -0.1080864 1

-0.3840437 0.2919092 -0.8759567 0
-0.5200285 -0.8523094 -0.0560343 0
-0.7629424 0.4340031 0.4791251 0
-0.1418842 0.1735312 0.1360759 1

-0.5143849 0.3774128 -0.7700447 0
0.1323207 -0.852265 -0.5061005 0
-0.8472901 -0.3622229 0.3884525 0
0.1768116 0.1763087 -0.08954579 1

-0.007949634 0.7446649 -0.6673913 0
-0.5573454 0.5508323 0.6212491 0
0.8302426 0.3769062 0.4106571 0
-0.1539313 0.161972 0.1584984 1

0.694746 0.5446575 -0.4697636 0
0.6682227 -0.7304003 0.1414057 0
-0.2660976 -0.4121477 -0.8713949 0
0.1981347 0.1576124 -0.0977455 1

0.0594715 0.931073 -0.3599537 0
-0.9581204 0.1544308 0.2411568 0
0.2801224 0.330537 0.9012644 0
-0.1647184 0.1471865 0.1341597 1

0.6213654 0.5270575 -0.5797558 0
0.7340484 -0.6503499 0.1954971 0
-0.2740057 -0.5470436 -0.7909905 0
0.1916238 0.1540757 -0.1045121 1

0.03078884 0.9245999 -0.3796935 0
-0.8562443 0.2203741 0.4672057 0
0.5156526 0.3107257 0.7984689 0
-0.1627859 0.1526227 0.1433421 1

-0.000488963 0.8284997 -0.5599896 0
-0.7399096 0.376409 0.5575399 0
0.6727062 0.4146142 0.6128312 0
-0.160248 0.1566086 0.1518195 1

0.6949715 0.508789 -0.5080841 0
0.6911808 -0.6674878 0.2770027 0
-0.1982042 -0.5436869 -0.8155502 0
0.2011327 0.1625447 -0.08880354 1

0.5008854 0.6300191 -0.5934569 0
0.7335629 -0.6729166 -0.09523743 0
-0.459348 -0.3876349 -0.7992125 0
0.1844274 0.1496338 -0.1107486 1

-0.453254 0.8582597 -0.2407339 0
-0.2340862 -0.3751961 -0.8969028 0
-0.8600966 -0.350172 0.3709656 0
0.185202 0.1701525 -0.07698514 1

0.8549314 -0.4734519 0.211983 0
-0.5132604 -0.7127923 0.4780087 0
-0.0752144 -0.5174669 -0.8523924 0
0.1894012 0.1539561 -0.08022687 1

-0.3587625 0.8210245 -0.4440813 0
-0.5120572 0.224668 0.8290489 0
0.78044 0.5248268 0.3398096 0
-0.1537971 0.1494018 0.1697643 1

0.8661347 -0.4923798 -0.08587345 0
-0.3809689 -0.7615881 0.5242597 0
-0.3235348 -0.4213642 -0.847219 0
0.185225 0.1474916 -0.08901637 1

-0.1691684 0.9501705 -0.2618371 0
-0.9433478 -0.07915821 0.3222263 0
0.2854432 0.3015141 0.9097322 0
-0.1654409 0.1358752 0.1385327 1

0.8834847 -0.4665471 -0.04230635 0
-0.3207852 -0.6683204 0.6711528 0
-0.3413983 -0.5793817 -0.740112 0
0.1812269 0.1452568 -0.09481149 1

-0.3641748 0.4823446 -0.7966939 0
-0.580111 -0.7867019 -0.2111221 0
-0.7285936 0.3852859 0.5663102 0
-0.1356198 0.1687697 0.1503641 1

-0.0733204 0.9295399 -0.3613591 0
-0.8550957 0.1278803 0.5024519 0
0.5132594 0.3458366 0.7854697 0
-0.1633056 0.1370147 0.1497517 1

-0.3638548 0.8525122 -0.3752776 0
-0.6830875 0.02968638 0.7297333 0
0.6332467 0.5218643 0.571539 0
-0.1602389 0.1412135 0.1622252 1

0.8149726 -0.4546695 -0.3592997 0
-0.1378362 -0.7543108 0.6418862 0
-0.5628691 -0.473595 -0.6774126 0
0.1783423 0.1419798 -0.1035388 1

-0.02849368 -0.8897239 0.455611 0
-0.9477471 0.1689345 0.2706262 0
-0.3177507 -0.4240925 -0.8480465 0
0.1744675 0.153607 -0.08794983 1

-0.282465 0.9400344 -0.1911795 0
-0.9210722 -0.2100896 0.327855 0
0.26803 0.2686976 0.9251821 0
-0.1641271 0.128496 0.1405662 1

0.0776836 -0.8155817 0.573405 0
-0.9380339 0.1350373 0.3191527 0
-0.3377258 -0.562666 -0.7545531 0
0.1732329 0.1494782 -0.09442873 1

-0.2900096 0.9425034 -0.1660796 0
-0.831066 -0.1619637 0.5320686 0
0.4745772 0.2923282 0.8302537 0
-0.162642 0.1286024 0.153022 1

0.3989565 -0.8582192 0.3229471 0
-0.7586161 -0.1110697 0.642002 0
-0.5151082 -0.5011237 -0.6953706 0
0.1720131 0.1455108 -0.1007485 1

-0.4027584 0.8415728 -0.3599177 0
-0.4769923 0.1426245 0.8672583 0
0.7811937 0.5209737 0.3439811 0
-0.1500605 0.1408506 0.1743895 1

-0.4946271 0.1411877 -0.857561 0
-0.4197586 -0.9028103 0.09347217 0
-0.7610175 0.4062027 0.5058194 0
-0.1305936 0.1621125 0.1613599 1

-0.3324486 0.8552927 -0.3974331 0
-0.6947705 0.06287538 0.7164782 0
0.6377867 0.5143167 0.5733294 0
-0.1557051 0.1305909 0.1669013 1

-0.0136072 -0.9951202 -0.09772838 0
0.0631531 -0.09839763 0.9931415 0
-0.997911 0.00734196 0.06418389 0
0.0006728466 0.1623458 -0.03044297 1

0.9997557 -0.0009702079 -0.02207921 0
0.0008037658 0.9999714 -0.007546044 0
0.0220859 0.007526455 0.999728 0
0.001304539 0.1291199 -0.0003796713 1

0.1892327 0.9146926 0.3571115 0
0.4629061 0.237634 -0.8539605 0
-0.8659728 0.3269064 -0.3784487 0
-0.03759043 0.1291576 0.0004793085 1

-0.2779422 0.6715965 -0.6868091 0
-0.6559789 -0.6550111 -0.375037 0
-0.7017405 0.3462937 0.6226082 0
0.0401995 0.1290821 -0.00123865 1

-0.0005056816 -0.9943772 0.1058943 0
0.0645976 0.1056406 0.9923041 0
-0.9979112 0.007342242 0.06418103 0
0.001214724 0.2019742 -0.02655114 1

-0.09267952 -0.9415698 -0.3238162 0
0.2210622 -0.3365574 0.9153475 0
-0.970846 0.01325036 0.2393375 0
0.001238123 0.2479864 -0.03145111 1

-0.2625013 0.3469833 0.9003868 0
0.4256573 0.8790537 -0.2146649 0
-0.8659728 0.3269064 -0.3784487 0
-0.0714566 -0.0345411 -0.06343144 1

0.2086241 0.9354939 -0.2851801 0
-0.6812021 -0.07023157 -0.7287193 0
-0.7017405 0.3462937 0.6226082 0
0.08989017 0.009013653 0.1215495 1

-0.1798311 0.9760096 0.1227454 0
0.08825479 0.1402844 -0.9861705 0
-0.9797305 -0.1665113 -0.111365 0
-0.02797935 -0.09201081 -0.2125596 1

-0.2605903 0.2835693 -0.922866 0
-0.3655029 -0.9137197 -0.1775519 0
-0.8935885 0.2910417 0.3417516 0
0.05534269 -0.1459012 0.1687745 1

-0.1791001 -0.7037122 -0.6875411 0
0.1593142 -0.7103618 0.6855696 0
-0.9708463 0.01325045 0.2393373 0
0.008573341 0.3225079 -0.005822342 1

0.04368325 0.8217826 -0.568125 0
0.07393133 -0.5697675 -0.818474 0
-0.9963061 -0.006248633 -0.08564474 0
-0.01800656 -0.1461369 -0.2193667 1

-0.4119398 -0.4167111 -0.8103445 0
-0.04569845 -0.8787379 0.4751126 0
-0.9100645 0.2327491 0.3429438 0
0.06998198 -0.1618314 0.2206187 1

0.9772701 0.08397152 -0.1946602 0
0.08082926 0.7012666 0.7083027 0
0.1959857 -0.7079371 0.6785392 0
-0.003759491 0.3308011 0.02465118 1

-0.7272265 0.2369841 0.6441905 0
0.6230796 0.6216293 0.4747104 0
-0.2879482 0.7466034 -0.5997249 0
0.03386394 0.3302876 0.01537611 1

-0.4536487 -0.613767 -0.6461374 0
0.009498413 0.721664 -0.6921787 0
0.8911301 -0.3201431 -0.3215522 0
0.01688891 0.3551811 0.02609999 1

0.6631204 0.748316 0.01717274 0
-0.2349885 0.229908 -0.9444168 0
-0.7106699 0.6222267 0.3283022 0
-0.05954526 0.3220035 0.03217607 1

-0.1628565 0.6536176 0.7390963 0
-0.6539215 0.4894377 -0.5769218 0
-0.738827 -0.5772661 0.3477063 0
0.07211352 0.3130571 -0.02316095 1

-0.1805431 -0.8686085 -0.4614371 0
-0.08237302 0.4808513 -0.8729246 0
0.9801118 -0.1195904 -0.1583642 0
0.02962089 0.3724069 0.04423433 1

0.1828161 0.6139541 -0.7678797 0
-0.6793576 -0.4856901 -0.550072 0
-0.7106699 0.6222268 0.3283023 0
-0.1309772 0.2468439 0.03165284 1

-0.6254009 0.7795326 -0.0347007 0
-0.2510166 -0.2430937 -0.9369622 0
-0.7388272 -0.5772662 0.3477063 0
0.09278353 0.2482942 -0.1015321 1

0.2292687 0.6504045 -0.7241618 0
-0.6915945 0.6323712 0.3490049 0
0.6849331 0.4208105 0.5947992 0
-0.1592813 0.1896597 0.1177827 1

-0.6780347 0.6723621 -0.296984 0
0.6959353 0.4572197 -0.5537377 0
-0.2365252 -0.5821347 -0.7779313 0
0.1695613 0.173339 -0.1023329 1

-0.3817048 0.4089671 -0.8288835 0
-0.6231974 -0.7761549 -0.09596591 0
-0.6825886 0.4799273 0.5511292 0
-0.1479098 0.1796459 0.1336037 1

-0.4828496 0.315042 -0.8170717 0
0.1315122 -0.8963771 -0.4233378 0
-0.8657725 -0.311863 0.391383 0
0.1769297 0.166521 -0.08286217 1

0.05589084 0.7941648 -0.6051269 0
-0.4583208 0.5588536 0.6911045 0
0.887028 0.2387159 0.3952172 0
-0.1603343 0.167751 0.1556413 1

0.7193732 0.4887274 -0.4936081 0
0.6492988 -0.725603 0.2278456 0
-0.246809 -0.4844049 -0.8393092 0
0.1981326 0.1468154 -0.08865792 1

0.1587384 0.9444244 -0.2878631 0
-0.9206709 0.2468987 0.3023356 0
0.356606 0.2170351 0.9086961 0
-0.1738829 0.1564793 0.1308073 1

0.6491184 0.4625174 -0.6039242 0
0.7149444 -0.6421051 0.2766892 0
-0.2598091 -0.6113759 -0.747476 0
0.191768 0.142792 -0.0952905 1

0.1286681 0.9431257 -0.3065273 0
-0.8019765 0.2807764 0.527256 0
0.5833342 0.1779869 0.7924913 0
-0.1709078 0.1608469 0.140277 1

0.07817607 0.8670938 -0.4919728 0
-0.6635535 0.4135514 0.6234362 0
0.7440333 0.2777126 0.607693 0
-0.1675414 0.1637673 0.1488986 1

0.7200974 0.4495604 -0.5285419 0
0.6692441 -0.6511385 0.3579563 0
-0.1832309 -0.6114867 -0.7697485 0
0.2009461 0.1524819 -0.08009924 1

0.5311301 0.5657942 -0.6306974 0
0.7230523 -0.690711 -0.01072644 0
-0.4416983 -0.45033 -0.775956 0
0.1846845 0.1379262 -0.1013368 1

-0.4289232 0.8404651 -0.3311264 0
-0.2133131 -0.4504267 -0.866958 0
-0.8777949 -0.3012246 0.3724803 0
0.1848057 0.1613821 -0.06953446 1

0.8386467 -0.4664506 0.2812428 0
-0.5415078 -0.6583985 0.522764 0
-0.05867391 -0.590709 -0.8047495 0
0.1887905 0.1448931 -0.07117726 1

-0.2730613 0.8927182 -0.358458 0
-0.4449217 0.213176 0.8698283 0
0.852926 0.3970022 0.3389797 0
-0.1612778 0.1543451 0.1658561 1

0.8587267 -0.5122654 -0.01320598 0
-0.411682 -0.7050033 0.5774861 0
-0.3051363 -0.4904658 -0.8162951 0
0.1847653 0.1377339 -0.07948568 1

-0.06144375 0.9823396 -0.1767333 0
-0.9314464 0.007192628 0.3638089 0
0.3586546 0.1869716 0.9145541 0
-0.1758114 0.1450057 0.1343045 1

0.8752103 -0.482908 0.0284226 0
-0.3543016 -0.5999073 0.7173442 0
-0.3293602 -0.6378969 -0.6961401 0
0.1809068 0.1350531 -0.08518545 1

-0.3351422 0.5882466 -0.735966 0
-0.6812134 -0.6909192 -0.2420324 0
-0.6508676 0.4202349 0.6322776 0
-0.1416836 0.172975 0.1471241 1

0.02683398 0.9589082 -0.2824459 0
-0.8107714 0.186156 0.5549742 0
0.584748 0.2141069 0.7824504 0
-0.1730798 0.1449262 0.1454514 1

-0.271316 0.9186398 -0.2872093 0
-0.6427616 0.04917763 0.7644866 0
0.7164117 0.3920248 0.5771238 0
-0.1689941 0.1476551 0.1580405 1

0.816817 -0.4984581 -0.2904319 0
-0.1722246 -0.6911737 0.7018684 0
-0.5505903 -0.5232781 -0.6504088 0
0.1782319 0.1310524 -0.09367461 1

-0.05978169 -0.8445646 0.5321081 0
-0.9522591 0.2081269 0.2233544 0
-0.2993831 -0.493352 -0.8166862 0
0.1740999 0.1440963 -0.07932168 1

-0.172039 0.9798709 -0.1012748 0
-0.9252924 -0.1254655 0.3579011 0
0.33799 0.1552819 0.9282513 0
-0.1753342 0.1373767 0.135677 1

0.04409617 -0.7618853 0.6462101 0
-0.9447138 0.1785745 0.2750057 0
-0.3249194 -0.62261 -0.7118889 0
0.1729876 0.1394225 -0.08544265 1

-0.178154 0.9810866 -0.07569882 0
-0.821489 -0.1059415 0.560297 0
0.5416802 0.1620051 0.8248258 0
-0.1733227 0.1362481 0.1480075 1

0.3721099 -0.8321412 0.4111904 0
-0.7801878 -0.04041912 0.6242392 0
-0.5028344 -0.5530907 -0.6642659 0
0.1718884 0.1349235 -0.09141909 1

-0.3105891 0.911169 -0.2707506 0
-0.4186744 0.1245852 0.8995503 0
0.8533734 0.392747 0.3427885 0
-0.1584338 0.1450472 0.1695896 1

-0.5091782 0.2715393 -0.8167035 0
-0.5237068 -0.8507805 0.04363831 0
-0.682986 0.4499333 0.575406 0
-0.1370581 0.1648562 0.1572817 1

-0.2407706 0.919513 -0.3106864 0
-0.6508061 0.08452927 0.7545243 0
0.7200565 0.3838639 0.5780723 0
-0.1656134 0.1362084 0.1616192 1

-0.02267191 -0.9953183 -0.09395564 0
0.06956241 -0.09532247 0.9930131 0
-0.9973198 0.01597774 0.07139789 0
0.0008671291 0.1618798 -0.02972578 1

0.9997557 -0.0007928537 -0.02208386 0
0.0006568134 0.999981 -0.006166748 0
0.02208833 0.006150736 0.9997373 0
0.001503809 0.1286125 0.0002916507 1

0.242583 0.9119815 0.3308225 0
0.4468709 0.197633 -0.8724955 0
-0.8610807 0.3594876 -0.3595956 0
-0.03739116 0.1286434 0.001150812 1

-0.3172922 0.7024625 -0.6370813 0
-0.7042236 -0.6244606 -0.3378147 0
-0.6351338 0.3414617 0.6928268 0
0.04039878 0.1285817 -0.0005675097 1

-0.008080747 -0.993947 0.1095622 0
0.0727134 0.1086918 0.9914126 0
-0.9973201 0.01597802 0.07139497 0
0.001769988 0.2015162 -0.0259842 1

-0.1298115 -0.9448419 -0.3007041 0
0.2475397 -0.3245486 0.9129034 0
-0.9601422 0.04406922 0.276016 0
0.002143904 0.2475084 -0.03105389 1

-0.327649 0.1485162 0.933054 0
0.3888268 0.9212556 -0.01009876 0
-0.8610807 0.3594877 -0.3595956 0
-0.08080522 -0.0345701 -0.05805511 1

0.264428 0.9388998 -0.2203306 0
-0.7257293 0.04326317 -0.6866191 0
-0.6351338 0.3414617 0.6928268 0
0.09712449 0.002994969 0.1133303 1

-0.1389095 0.9251925 0.3531623 0
-0.1089114 0.3401839 -0.9340311 0
-0.9842979 -0.1682091 0.05350915 0
-0.02653776 -0.05916835 -0.2125939 1

-0.4069923 0.3817441 -0.8298371 0
-0.3712931 -0.8991824 -0.2315447 0
-0.8345651 0.2138758 0.507699 0
0.05333605 -0.1524839 0.1498164 1

-0.2240276 -0.7118519 -0.6656418 0
0.167148 -0.7009459 0.6933519 0
-0.9601424 0.04406931 0.2760158 0
0.01241797 0.3222889 -0.007254358 1

-0.06009191 0.9209768 -0.3849562 0
-0.09866965 -0.3892449 -0.9158351 0
-0.9933043 -0.0170506 0.1142629 0
-0.01883435 -0.1104763 -0.232179 1

-0.5255278 -0.3322153 -0.7832332 0
0.04587257 -0.9303353 0.3638306 0
-0.8495391 0.1552741 0.5041563 0
0.07619982 -0.1739292 0.1964345 1

0.9668087 0.03466596 -0.2531398 0
0.1495861 0.7264097 0.6707861 0
0.2071366 -0.6863876 0.6971133 0
0.001498938 0.3315021 0.02349306 1

-0.6636661 0.3373932 0.667618 0
0.7110785 0.5615974 0.4230561 0
-0.2321962 0.7554963 -0.6126259 0
0.03870756 0.3297943 0.01279657 1

-0.4935237 -0.6090025 -0.6209278 0
0.008583504 0.7104841 -0.7036613 0
0.8696904 -0.3526032 -0.3454134 0
0.02281951 0.35534 0.0236512 1

0.7350314 0.6724245 0.08703309 0
-0.1978455 0.3354775 -0.921039 0
-0.6485263 0.6597732 0.3796226 0
-0.05405673 0.3253753 0.03454309 1

-0.1561758 0.7258533 0.6698858 0
-0.6506124 0.4346926 -0.6226931 0
-0.7431777 -0.5330852 0.4043604 0
0.07285381 0.3071718 -0.02679235 1

-0.1731451 -0.8742411 -0.4535681 0
-0.08206433 0.4717282 -0.8779172 0
0.9814717 -0.1147853 -0.1534214 0
0.03667061 0.3724321 0.04107798 1

0.2837703 0.6723257 -0.6837052 0
-0.7063203 -0.3356753 -0.6232454 0
-0.6485263 0.6597732 0.3796227 0
-0.1327023 0.2582232 0.02697731 1

-0.6221521 0.772941 -0.1244585 0
-0.2461998 -0.3440685 -0.9060928 0
-0.7431778 -0.5330852 0.4043604 0
0.0928539 0.2346969 -0.09828287 1

0.3321769 0.697772 -0.6346437 0
-0.6293133 0.6651484 0.4019239 0
0.7025837 0.2658802 0.6600643 0
-0.1709438 0.1952518 0.1048342 1

-0.6787565 0.6297051 -0.3778387 0
0.6954988 0.3860574 -0.6060046 0
-0.2357368 -0.6741158 -0.6999983 0
0.1693443 0.1598667 -0.09031923 1

-0.2973152 0.5437268 -0.7848346 0
-0.7028165 -0.6810238 -0.2055632 0
-0.646261 0.4904779 0.584619 0
-0.1614643 0.1822141 0.1196683 1

-0.4830811 0.211054 -0.8497589 0
0.1326044 -0.9416842 -0.3092705 0
-0.8654766 -0.2620839 0.4269227 0
0.1767173 0.1555166 -0.07015482 1

0.1713986 0.8463235 -0.5043401 0
-0.4205923 0.5257797 0.7393634 0
0.8909125 0.08539584 0.4460754 0
-0.176082 0.1694122 0.1397668 1

0.7188911 0.4247833 -0.5502322 0
0.6500924 -0.6911179 0.3158126 0
-0.2461235 -0.5847362 -0.7729869 0
0.1979437 0.1352702 -0.0734696 1

0.2771611 0.945912 -0.1686194 0
-0.8985683 0.3173234 0.3031189 0
0.3402308 0.06750359 0.9379162 0
-0.1897623 0.1627485 0.113389 1

0.6486841 0.3850559 -0.6564616 0
0.7156349 -0.6021464 0.3539597 0
-0.2589917 -0.6993943 -0.6661623 0
0.1915847 0.1304504 -0.07955402 1

0.2479546 0.9503237 -0.1881586 0
-0.7864092 0.310872 0.5337786 0
0.5657558 0.01561694 0.8244255 0
-0.1867128 0.1656166 0.123393 1

0.1970293 0.9026138 -0.3827113 0
-0.6379743 0.4144474 0.6490169 0
0.7444251 0.1162847 0.6575027 0
-0.1834037 0.1671084 0.132394 1

0.7196655 0.3815995 -0.5800552 0
0.6699322 -0.6011164 0.4357195 0
-0.1824103 -0.7021697 -0.6882486 0
0.2007494 0.1419546 -0.06567711 1

0.5305814 0.4840939 -0.6957998 0
0.7238437 -0.685903 0.07475816 0
-0.4410608 -0.5433151 -0.7143358 0
0.1845077 0.1248662 -0.08495248 1

-0.4298327 0.7925849 -0.4324977 0
-0.212661 -0.5543975 -0.8046249 0
-0.877508 -0.2538782 0.4068494 0
0.1845972 0.152074 -0.05629392 1

0.8391353 -0.4271339 0.336764 0
-0.5408362 -0.5893435 0.6001426 0
-0.05787167 -0.6857347 -0.7255484 0
0.1886011 0.1355129 -0.05588555 1

-0.1543435 0.9539517 -0.2572049 0
-0.4541686 0.1626887 0.8759358 0
0.8774447 0.2520094 0.4081454 0
-0.1789752 0.1551259 0.1482803 1

0.8593137 -0.5089768 0.05023824 0
-0.4109658 -0.6286751 0.6602091 0
-0.3044474 -0.5879727 -0.7494012 0
0.1845853 0.1273769 -0.06324523 1

0.05821964 0.9964929 -0.06011297 0
-0.9391292 0.07509276 0.3352588 0
0.3385969 0.03693546 0.9402067 0
-0.1931295 0.1512569 0.1154376 1

0.8757578 -0.4746788 0.0879188 0
