MeshAnim
1
83
35
30
-0.4188767 0.8683718 0.2654672 0
-0.6365347 -0.07230818 -0.7678509 0
-0.6475846 -0.490614 0.5830369 0
0.008167384 0.04013708 0.04389647 1

-0.02320373 -0.9566913 -0.2901782 0
-0.361795 -0.2625469 0.894524 0
-0.9319687 0.1257413 -0.3400341 0
0.00340167 0.05953532 1.264073E-17 1

-0.02291434 -0.9564821 -0.2908899 0
-0.3618094 -0.2633091 0.8942941 0
-0.9319702 0.1257389 -0.3400308 0
0.002396845 0.06470703 0.004666489 1

0.5498767 -0.6211567 -0.5583903 0
-0.5145698 -0.7785302 0.3593168 0
-0.6579157 0.08975083 -0.7477242 0
0.002818387 0.08190782 0.009886305 1

0.4245759 0.8957186 -0.1319976 0
-0.3164574 0.2834096 0.9052811 0
0.8482863 -0.3425889 0.4037857 0
-0.007349238 0.06098582 -0.003922515 1

-0.02014682 0.7202274 -0.6934456 0
-0.3932406 0.6319761 0.6678084 0
0.9192148 0.2861453 0.2704904 0
0.01415258 0.05808483 0.003922524 1

0.1359244 0.8778472 0.4592483 0
-0.5117954 -0.3346897 0.7912321 0
0.8482864 -0.342589 0.4037856 0
-0.01862782 0.03719164 -0.0004160823 1

-0.3335332 0.9309487 0.148627 0
-0.2092837 -0.2268378 0.9511809 0
0.9192148 0.2861453 0.2704904 0
0.01468777 0.03895247 0.02234345 1

0.3649512 -0.2876846 -0.8854648 0
-0.3211295 -0.9315946 0.1703157 0
-0.8738913 0.222192 -0.4323706 0
-0.01245658 0.1023497 0.0257803 1

0.3009948 0.2288291 0.925764 0
0.5150093 0.778035 -0.3597593 0
-0.8026 0.585063 0.1163355 0
-0.01745478 0.1037139 0.01813539 1

-3.188848E-06 1 9.834766E-07 0
-0.222819 -1.549721E-06 0.9748598 0
0.97486 2.749264E-06 0.2228191 0
-0.02313563 0.008078579 -0.01564667 1

-0.7423459 0.5673261 -0.3564591 0
0.6505979 0.7375082 -0.1811181 0
0.1601385 -0.3663641 -0.9165875 0
-0.005445044 0.1020756 0.03178455 1

-1.579523E-06 1 6.258488E-07 0
-0.3274244 -1.251698E-06 0.9448772 0
0.9448773 1.315027E-06 0.3274246 0
0.02574912 0.008078337 0.01741436 1

0.3081238 -0.9266591 -0.2153201 0
0.03721377 -0.2144187 0.9760325 0
-0.9506178 -0.3087518 -0.03158316 0
-0.01647799 0.1055197 0.03553727 1

0.01384796 0.7808869 0.6245185 0
0.8356758 0.3339179 -0.4360551 0
-0.5490478 0.5279338 -0.6479446 0
-0.02042335 0.1014571 0.009005005 1

0.2228197 3.576279E-07 -0.9748596 0
-2.332032E-06 1 -7.450581E-08 0
0.9748598 2.097338E-06 0.2228198 0
-0.0260901 1.253933E-05 -0.00272039 1

-0.3073278 0.9502379 0.05096395 0
0.3726284 0.1694496 -0.9123784 0
-0.8756124 -0.261409 -0.4061623 0
0.001876368 0.09648027 0.03530013 1

0.3274244 1.192093E-07 -0.9448771 0
-1.065433E-06 1 -4.172325E-07 0
0.9448774 1.181848E-06 0.3274246 0
0.0214076 1.228601E-05 0.02994308 1

-0.1142181 0.4426513 -0.8893897 0
-0.2885808 0.8418626 0.4560573 0
0.950618 0.3087509 0.03158483 0
-0.01706452 0.107263 0.03614953 1

0.5283342 0.8199371 0.2203764 0
0.6476178 -0.2213342 -0.7291101 0
-0.5490477 0.5279338 -0.6479446 0
-0.02075235 0.08290449 -0.005832543 1

-0.06649145 0.8981206 -0.4346927 0
0.4784153 -0.3536163 -0.8037872 0
-0.8756124 -0.261409 -0.4061623 0
0.009177983 0.07390416 0.03408931 1

0.3337385 0.9028475 0.2710805 0
0.8945377 -0.2126117 -0.3931893 0
-0.2973552 0.3737143 -0.8785882 0
-0.03050758 0.06776504 -0.009901595 1

-0.1625624 0.9824787 -0.09115386 0
-0.6756347 -0.1781648 -0.7153842 0
-0.7190903 -0.05470783 0.6927594 0
0.01040569 0.05732112 0.04211555 1

-0.02030011 0.8759174 0.4820335 0
0.9938511 0.07016894 -0.08565119 0
-0.108847 0.4773311 -0.8719561 0
-0.03629084 0.05162194 -0.01433899 1

-0.4159513 0.9093165 -0.01129822 0
-0.1032072 -0.05954671 -0.9928759 0
-0.9035112 -0.4118222 0.1186165 0
-0.03119026 0.05692682 -0.007674832 1

0.547368 0.8108111 0.2073015 0
0.4824986 -0.103351 -0.8697778 0
-0.6838004 0.5761111 -0.4477861 0
0.007209111 0.04761324 0.04640864 1

0.1278419 0.7057561 0.6968247 0
-0.6990262 0.5625323 -0.4414967 0
-0.7035755 -0.4306571 0.5652571 0
0.01298374 0.03990031 0.04401431 1

-0.5219472 0.7190796 0.4587975 0
0.8523365 0.4188353 0.3132077 0
0.03306052 0.5545278 -0.8315078 0
-0.03622152 0.04863035 -0.01598531 1

-0.3947072 0.9074474 0.1440308 0
-0.1669534 0.08331485 -0.9824384 0
-0.9035112 -0.4118221 0.1186166 0
-0.02903877 0.05222343 -0.007616398 1

0.6207187 0.01481152 0.7838931 0
-0.3459611 0.9023938 0.2568961 0
-0.7035755 -0.4306571 0.5652571 0
0.01254712 0.03748988 0.04163438 1

0.2687484 0.7693949 0.5794877 0
0.6783738 0.2759122 -0.6809415 0
-0.6838005 0.5761111 -0.447786 0
0.004377872 0.04341936 0.04533637 1

-0.9103225 0.3601431 0.2039831 0
0.4013688 0.6477677 0.6475335 0
0.1010711 0.6713372 -0.734228 0
-0.03490306 0.04681393 -0.01714425 1

-0.3143743 0.8249875 0.4696418 0
-0.2912662 0.3870369 -0.8748521 0
-0.9035112 -0.4118221 0.1186166 0
-0.02783613 0.04945847 -0.008055259 1

0.574878 -0.8125278 0.09650335 0
0.4177275 0.3928517 0.8192502 0
-0.7035755 -0.4306571 0.5652571 0
0.01097916 0.03745246 0.03965425 1

0.02195531 0.6296515 0.7765673 0
0.7293385 0.5211863 -0.4432044 0
-0.6838004 0.576111 -0.4477859 0
0.003559006 0.04107507 0.0435707 1

-0.3926084 0.8899085 0.2322108 0
-0.6316906 -0.07741502 -0.7713454 0
-0.6684501 -0.4495221 0.5925405 0
0.008010822 0.03726316 0.04385199 1

-0.02444268 -0.930738 -0.364869 0
-0.3706964 -0.3305203 0.8679517 0
-0.9284323 0.1564708 -0.3369425 0
0.003561382 0.05228527 0.0001847137 1

-0.01350996 -0.9241318 -0.3818353 0
-0.3900364 -0.3467495 0.8530159 0
-0.9207001 0.1604539 -0.3557604 0
0.00253777 0.05707784 0.005236384 1

0.5516341 -0.5640801 -0.6144212 0
-0.5043896 -0.812286 0.2928863 0
-0.6642971 0.1483416 -0.7326008 0
0.00279021 0.07369797 0.01209156 1

0.4935692 0.7913996 -0.3606603 0
-0.121575 0.4734038 0.8724153 0
0.8611672 -0.3867503 0.3298719 0
-0.007149532 0.05409211 -0.003698234 1

0.07943293 0.513292 -0.8545299 0
-0.4262334 0.7924116 0.4363587 0
0.9011189 0.329568 0.2817259 0
0.01426784 0.05047715 0.004071859 1

0.08705847 0.7515699 0.6538835 0
-0.5008111 -0.5343848 0.6808971 0
0.8611674 -0.3867502 0.3298719 0
-0.02026087 0.0330691 0.005882472 1

-0.4060969 0.8691849 0.2821399 0
-0.1518875 -0.3686496 0.9170755 0
0.9011189 0.3295681 0.2817259 0
0.01215775 0.03684189 0.02677189 1

0.3610753 -0.2051201 -0.9096979 0
-0.3109185 -0.946172 0.08993506 0
-0.879178 0.2503687 -0.4054149 0
-0.01256129 0.09250827 0.02982059 1

0.3213923 0.1757116 0.930501 0
0.4801508 0.8167086 -0.320066 0
-0.8161874 0.5496477 0.1781159 0
-0.01762917 0.09448729 0.02235818 1

0.001432903 0.999998 0.001643777 0
-0.2259896 -0.001277328 0.9741289 0
0.9741289 -0.001767498 0.2259873 0
-0.0231481 0.008143909 -0.01580303 1

-0.7501764 0.5887181 -0.3010755 0
0.6422242 0.7571002 -0.1197802 0
0.1574277 -0.2832145 -0.9460475 0
-0.005502902 0.09177954 0.03573128 1

0.001434647 0.9999976 0.00164327 0
-0.3304962 -0.001076639 0.9438064 0
0.943806 -0.001897154 0.3304939 0
0.02562561 0.008016109 0.01741495 1

0.2952427 -0.9086679 -0.2952199 0
-0.04484305 -0.3218327 0.9457339 0
-0.9543691 -0.2659826 -0.1357663 0
-0.01654 0.09476849 0.0398446 1

0.06215952 0.7220895 0.6890013 0
0.7811209 0.3945254 -0.4839417 0
-0.6212776 0.5682752 -0.5395156 0
-0.02079891 0.09275433 0.01318108 1

0.2259903 0.001276135 -0.9741287 0
0.001433842 0.9999979 0.001642674 0
0.9741288 -0.001768123 0.225988 0
-0.02615619 6.09681E-05 -0.002899692 1

-0.4643007 0.7808309 0.4180051 0
0.2119491 0.5562047 -0.8035632 0
-0.8599433 -0.2844993 -0.4237424 0
0.001895737 0.08597328 0.03870064 1

0.3304961 0.001075476 -0.9438064 0
0.001435272 0.9999974 0.001642138 0
0.9438061 -0.001897311 0.3304938 0
0.02123178 -6.417558E-05 0.02991622 1

-0.04252362 0.5710466 -0.8198157 0
-0.2955855 0.7766338 0.5562997 0
0.9543692 0.2659814 0.1357678 0
-0.01711826 0.09645536 0.04060479 1

0.5402499 0.8093558 0.2303758 0
0.5675769 -0.1483461 -0.8098453 0
-0.6212776 0.5682752 -0.5395156 0
-0.02227572 0.07559866 -0.003188473 1

0.1047456 0.7141873 -0.692073 0
0.4995256 -0.639529 -0.5843605 0
-0.8599433 -0.2844993 -0.4237424 0
0.01292677 0.067422 0.02876951 1

0.3848338 0.8311066 0.401453 0
0.8386565 -0.1332327 -0.5281137 0
-0.385432 0.5399175 -0.7482853 0
-0.03225098 0.06065459 -0.007442164 1

-0.1312851 0.9840707 -0.1198724 0
-0.6741697 -0.1772794 -0.7169847 0
-0.7268144 -0.01331481 0.6867045 0
0.01099273 0.05423515 0.04154805 1

0.05638845 0.7640461 0.6426925 0
0.9792117 0.08330201 -0.1849452 0
-0.1948443 0.6397611 -0.7434656 0
-0.0389027 0.04571323 -0.01424267 1

-0.3916039 0.8947549 0.2146157 0
-0.2164052 0.1371413 -0.9666235 0
-0.8943238 -0.4249776 0.1399245 0
-0.03294897 0.04959175 -0.00730878 1

0.5702126 0.7991365 0.1903648 0
0.4871008 -0.1423017 -0.8616748 0
-0.6615064 0.5840645 -0.4704019 0
0.007458219 0.04475325 0.04607491 1

0.1431311 0.7206748 0.6783371 0
-0.6772018 0.571139 -0.4638943 0
-0.7217419 -0.3929735 0.5697899 0
0.01301374 0.0368033 0.04395283 1

-0.4484415 0.6160245 0.6476218 0
0.8925557 0.3470422 0.2879339 0
-0.04737753 0.7071602 -0.7054641 0
-0.03909528 0.04310374 -0.0164377 1

-0.3529658 0.8623219 0.3630647 0
-0.2749543 0.2753091 -0.9211974 0
-0.8943238 -0.4249776 0.1399245 0
-0.03092341 0.04496367 -0.008418865 1

0.6136026 0.01765907 0.7894173 0
-0.3202819 0.9193802 0.2283845 0
-0.7217419 -0.3929735 0.5697899 0
0.01252489 0.03434193 0.04163605 1

0.2870157 0.7766708 0.5607182 0
0.6928431 0.2359059 -0.6814083 0
-0.6615064 0.5840645 -0.4704019 0
0.00450882 0.04061976 0.04509025 1

-0.8720517 0.3151328 0.3744555 0
0.488223 0.5068089 0.7104807 0
0.03411844 0.8023938 -0.5958185 0
-0.03796251 0.04154763 -0.01807361 1

-0.2383831 0.7172416 0.6547806 0
-0.3786269 0.5522306 -0.7427537 0
-0.8943237 -0.4249776 0.1399245 0
-0.02984794 0.04233622 -0.00952511 1

0.5485868 -0.8267428 0.1246952 0
0.4220677 0.4025772 0.8122748 0
-0.7217419 -0.3929735 0.5697898 0
0.01097492 0.03429731 0.03964197 1

0.03421102 0.6501026 0.7590762 0
0.749159 0.486041 -0.4500285 0
-0.6615064 0.5840645 -0.4704019 0
0.0036343 0.03825328 0.04338178 1

-0.3648403 0.9099 0.1974179 0
-0.6277611 -0.08380526 -0.7738817 0
-0.68761 -0.4062746 0.6017752 0
0.008049734 0.03463773 0.04385919 1

-0.02440301 -0.8998399 -0.4355377 0
-0.3796156 -0.3946942 0.8367248 0
-0.9248224 0.1857554 -0.3319618 0
0.003721094 0.04729367 0.0003694274 1

-0.001852283 -0.883568 -0.4682996 0
-0.4176829 -0.4248107 0.8031667 0
-0.9085909 0.1970884 -0.3682646 0
0.002673286 0.05168749 0.005767241 1

0.5555005 -0.4972013 -0.6664908 0
-0.4879759 -0.8439285 0.2228553 0
-0.6732745 0.2014351 -0.7114249 0
0.00271599 0.06757936 0.01417733 1

0.4875811 0.7335274 -0.4734999 0
0.01047331 0.5373814 0.8432745 0
0.8730149 -0.4161238 0.2543347 0
-0.006953052 0.04943708 -0.003450552 1

0.1451705 0.3636635 -0.9201492 0
-0.4467783 0.8538787 0.2669842 0
0.8827881 0.3723447 0.2864352 0
0.01438192 0.04514172 0.004197991 1

0.09780022 0.6602904 0.7446154 0
-0.4777867 -0.6251864 0.6171401 0
0.8730149 -0.4161238 0.2543347 0
-0.01990532 0.02995141 0.009127665 1

-0.4560715 0.8254763 0.3325468 0
-0.1126232 -0.4242035 0.8985364 0
0.8827881 0.3723446 0.2864352 0
0.01052556 0.03548124 0.02864115 1

0.3562371 -0.1168315 -0.9270627 0
-0.2941527 -0.9557298 0.007411629 0
-0.8868873 0.2700577 -0.3748328 0
-0.01278986 0.08445932 0.03363111 1

0.3414246 0.1253861 0.9315084 0
0.437326 0.8560574 -0.2755224 0
-0.8319705 0.5014428 0.2374445 0
-0.01795745 0.08700674 0.02641349 1

0.001217037 0.9999932 -0.003582746 0
-0.2251613 0.003764898 0.9743142 0
0.9743209 -0.0003791302 0.2251646 0
-0.02314878 0.008053433 -0.01556688 1

-0.7621798 0.5998634 -0.2434048 0
0.6285073 0.7757709 -0.05619928 0
0.1551143 -0.1958159 -0.9682952 0
-0.005667208 0.08333021 0.03940009 1

-0.003398851 0.9999915 -0.002362609 0
-0.3272492 0.001120061 0.9449372 0
0.9449319 0.003985129 0.327243 0
0.02565079 0.008105006 0.01761251 1

0.2847302 -0.8828128 -0.3735912 0
-0.1255916 -0.4207179 0.898456 0
-0.9503447 -0.2088977 -0.2306652 0
-0.01671525 0.08574669 0.04384646 1

0.1102109 0.6657134 0.7380241 0
0.716989 0.4609894 -0.5228914 0
-0.6883167 0.5867837 -0.4265034 0
-0.02132476 0.08577012 0.01722645 1

0.225162 -0.003766119 -0.974314 0
0.001217946 0.9999931 -0.003583759 0
0.9743208 -0.0003797859 0.2251653 0
-0.02614416 3.738329E-05 -0.002618935 1

-0.538695 0.5847613 0.6065163 0
0.08186728 0.7528253 -0.6531094 0
-0.838514 -0.3021733 -0.4534162 0
0.001849815 0.07741404 0.04180067 1

0.3272492 -0.001121253 -0.9449372 0
-0.003398314 0.9999914 -0.002363682 0
0.9449319 0.003984969 0.327243 0
0.02133901 5.389377E-05 0.03016109 1

0.01049778 0.7192776 -0.6946436 0
-0.3110215 0.6625726 0.6813686 0
0.9503447 0.2088963 0.2306665 0
-0.01728955 0.08736373 0.04474819 1

0.5382745 0.8072878 0.2419667 0
0.4862925 -0.06302607 -0.87152 0
-0.6883168 0.5867836 -0.4265034 0
-0.0239432 0.06995385 -0.0003078064 1

0.1627288 0.6552858 -0.7376447 0
0.5200135 -0.6923093 -0.500294 0
-0.8385139 -0.3021734 -0.4534162 0
0.01464834 0.06352104 0.02739082 1

0.4357429 0.7474746 0.5014083 0
0.7744753 -0.02753255 -0.6320045 0
-0.4586021 0.66372 -0.5908978 0
-0.03388197 0.05504797 -0.004775514 1

-0.09996904 0.9826318 -0.1563364 0
-0.6737019 -0.1824745 -0.716121 0
-0.7322103 0.03373414 0.6802424 0
0.01164369 0.05142176 0.04101082 1

0.1348329 0.634751 0.7608624 0
0.9540762 0.1241361 -0.2726329 0
-0.2675045 0.7626808 -0.5888632 0
-0.04140509 0.0415366 -0.01341162 1

-0.3556693 0.8372787 0.4152876 0
-0.3189863 0.3089123 -0.8960032 0
-0.8784914 -0.4511521 0.1572096 0
-0.03468683 0.04414 -0.006581086 1

0.5930591 0.7877388 0.1665811 0
0.4891876 -0.1881987 -0.8516321 0
-0.6395129 0.586557 -0.4969648 0
0.007783577 0.04222222 0.04584397 1

0.1599724 0.7400605 0.6532379 0
-0.6556492 0.5743604 -0.4901367 0
-0.7379248 -0.3498866 0.5771018 0
0.01310793 0.03403489 0.04405861 1

-0.3680949 0.4838966 0.793946 0
0.9225219 0.2966206 0.2469212 0
-0.1160165 0.823323 -0.5555897 0
-0.04186559 0.03936869 -0.01601025 1

-0.301439 0.7787035 0.5502319 0
-0.3706581 0.4359853 -0.8200793 0
-0.8784913 -0.4511521 0.1572095 0
-0.03284715 0.03980922 -0.008729143 1

0.6076833 0.02750333 0.7937031 0
-0.2935778 0.9363882 0.192325 0
-0.7379248 -0.3498866 0.5771018 0
0.01256156 0.0315073 0.04182755 1

0.3064263 0.7873461 0.5349674 0
0.705072 0.1898354 -0.6832544 0
-0.6395128 0.586557 -0.4969648 0
0.004716011 0.03814768 0.04498234 1

-0.8223652 0.2340657 0.5185834 0
0.568536 0.3732578 0.7331071 0
-0.02196997 0.8977151 -0.4400288 0
-0.04093578 0.03814634 -0.01801579 1

-0.1573733 0.5839523 0.7963877 0
-0.4510946 0.6748795 -0.5839964 0
-0.8784913 -0.451152 0.1572095 0
-0.0319287 0.03743654 -0.01040568 1

0.5218691 -0.8380353 0.1592143 0
0.4279247 0.4186602 0.8010019 0
-0.7379248 -0.3498866 0.5771018 0
0.01102654 0.03143783 0.03982263 1

0.04830411 0.6758134 0.7354889 0
0.7672614 0.4463494 -0.460524 0
-0.6395129 0.586557 -0.4969647 0
0.00378234 0.03574868 0.04335232 1

-0.3363992 0.9271019 0.1652812 0
-0.6251428 -0.08858512 -0.775467 0
-0.7042953 -0.3641908 0.6093709 0
0.008212645 0.03196428 0.04384396 1

-0.02251643 -0.866978 -0.4978377 0
-0.3784709 -0.4535105 0.8069001 0
-0.9253392 0.2065855 -0.3179146 0
0.00340167 0.04577479 6.236303E-05 1

0.0115313 -0.8383792 -0.5449656 0
-0.4347939 -0.4949868 0.7522911 0
-0.900456 0.2282728 -0.3702302 0
0.002352518 0.04977383 0.005758975 1

0.5565058 -0.4250386 -0.7138931 0
-0.4623488 -0.8723344 0.1589534 0
-0.6903148 0.2416091 -0.6819754 0
0.002154268 0.0648543 0.01554781 1

0.4360511 0.7339463 -0.5207514 0
0.07998677 0.544764 0.8347661 0
0.8963601 -0.405654 0.1788391 0
-0.007285933 0.04815318 -0.003589006 1

0.1620602 0.3100333 -0.9368116 0
-0.4650852 0.8613013 0.2045876 0
0.8703058 0.4025418 0.2837747 0
0.01406465 0.04337551 0.003725712 1

0.1291343 0.6248181 0.7700174 0
-0.4241024 -0.6671187 0.6124457 0
0.8963602 -0.4056541 0.1788391 0
-0.01886934 0.02865638 0.01024442 1

-0.4826466 0.8118172 0.3286413 0
-0.09808105 -0.4229815 0.9008147 0
0.8703058 0.4025419 0.2837746 0
0.00975962 0.03513968 0.02861149 1

0.343099 -0.03000453 -0.9388198 0
-0.2695128 -0.9606075 -0.06779498 0
-0.8998031 0.2762843 -0.3376702 0
-0.01344177 0.07963797 0.03657209 1

0.3671098 0.08610073 0.9261841 0
0.3830001 0.8933932 -0.2348612 0
-0.847668 0.4409486 0.2949966 0
-0.01879601 0.08263529 0.02967023 1

-0.0002586842 0.9999619 -0.008759707 0
-0.2215763 0.00848487 0.975106 0
0.9751433 0.002193153 0.2215659 0
-0.02315197 0.007934812 -0.01529257 1

-0.780782 0.5973524 -0.1831656 0
0.6077042 0.7941635 -0.0004874468 0
0.1451721 -0.1116913 -0.9830819 0
-0.006194583 0.07822599 0.04211941 1

-0.0003120154 0.9999646 -0.008424193 0
-0.3262753 0.007861108 0.9452418 0
0.9452745 0.003043592 0.3262616 0
0.0257662 0.008216444 0.01771238 1

0.2776059 -0.8462577 -0.4547341 0
-0.189598 -0.5122899 0.8376226 0
-0.9417999 -0.1463123 -0.3026636 0
-0.01722239 0.07996859 0.04691698 1

0.1609411 0.6312737 0.7586776 0
0.6365478 0.5210632 -0.5685945 0
-0.7542576 0.574445 -0.3179755 0
-0.02241664 0.08178613 0.02053571 1

0.221577 -0.008486003 -0.9751057 0
-0.000257805 0.9999617 -0.00876078 0
0.9751431 0.002192467 0.2215667 0
-0.02608791 -1.839921E-05 -0.002292359 1

-0.569351 0.4539336 0.6854076 0
0.008238554 0.8368423 -0.5473821 0
-0.8220532 -0.3060059 -0.480197 0
0.001505908 0.07233457 0.04392588 1

0.3262753 -0.00786221 -0.9452418 0
-0.0003114939 0.9999645 -0.008425295 0
0.9452747 0.003043402 0.3262616 0
0.02144242 0.0002549402 0.03031389 1

0.03772712 0.8486347 -0.5276326 0
-0.3340498 0.5083432 0.7937241 0
0.9417999 0.1463106 0.3026646 0
-0.01779589 0.08149666 0.04796287 1

0.5061553 0.8171933 0.2756845 0
0.4182128 0.04699218 -0.9071324 0
-0.7542576 0.5744449 -0.3179756 0
-0.02624034 0.06678809 0.002510762 1

0.1445579 0.7035381 -0.6957997 0
0.5507554 -0.6414009 -0.5341101 0
-0.8220531 -0.306006 -0.480197 0
0.01503277 0.06154983 0.0276417 1

0.4377145 0.6848373 0.582584 0
0.7231043 0.1169479 -0.6807663 0
-0.5343463 0.7192506 -0.4440191 0
-0.03558606 0.05169931 -0.002579517 1

-0.06833722 0.9788636 -0.1927593 0
-0.674351 -0.1877109 -0.7141538 0
-0.7352419 0.08118427 0.6729251 0
0.01236363 0.04855962 0.04048905 1

0.163699 0.5155369 0.8410851 0
0.9228733 0.2212293 -0.3152181 0
-0.3485794 0.8278161 -0.4395601 0
-0.04311286 0.03927461 -0.01271414 1

-0.3613726 0.7399827 0.5673054 0
-0.4023657 0.4250993 -0.8107975 0
-0.8411371 -0.5212644 0.1441241 0
-0.0360119 0.04117664 -0.006041262 1

0.616167 0.7746459 0.142346 0
0.4886595 -0.2342528 -0.840439 0
-0.6176975 0.5874094 -0.5228768 0
0.008187748 0.03966664 0.04562407 1

0.1786326 0.758198 0.6270778 0
-0.6342494 0.5759744 -0.5157332 0
-0.7522086 -0.3055971 0.5837742 0
0.01326647 0.03125911 0.0441788 1

-0.3273856 0.3318986 0.8846817 0
0.9239132 0.3086361 0.2261154 0
-0.1979973 0.8913963 -0.4076884 0
-0.04367195 0.03751386 -0.01558676 1

-0.2940399 0.6644429 0.6870632 0
-0.4539041 0.5355365 -0.7121601 0
-0.8411371 -0.5212645 0.1441242 0
-0.03414272 0.03734911 -0.00897563 1

0.6030387 0.03779405 0.7968159 0
-0.2655674 0.9514106 0.155858 0
-0.7522086 -0.3055971 0.5837742 0
0.01265638 0.02866958 0.04203708 1

0.3272568 0.7965821 0.5082919 0
0.7150897 0.1428555 -0.6842802 0
-0.6176973 0.5874093 -0.5228767 0
0.005000651 0.03565982 0.0448878 1

-0.7894509 0.1015145 0.6053609 0
0.6058049 0.2876536 0.7417924 0
-0.09883158 0.9523393 -0.2885863 0
-0.04284497 0.03667546 -0.01782149 1

-0.1220972 0.442641 0.8883473 0
-0.5268593 0.729625 -0.4359668 0
-0.8411371 -0.5212644 0.1441242 0
-0.03324679 0.03532459 -0.01106908 1

0.494502 -0.8473384 0.1936102 0
0.4354879 0.4343132 0.7884938 0
-0.7522086 -0.3055971 0.5837742 0
0.01113308 0.02857412 0.0400243 1

0.06448457 0.7004799 0.7107533 0
0.7837677 0.4053132 -0.4705631 0
-0.6176974 0.5874093 -0.5228767 0
0.004003511 0.03323267 0.04333907 1

-0.3071795 0.9416263 0.1377724 0
-0.6218902 -0.08903924 -0.778026 0
-0.7203425 -0.3246729 0.6129391 0
0.008463244 0.02894128 0.043699 1

-0.01958095 -0.8360586 -0.5482908 0
-0.3570351 -0.5063899 0.7849171 0
-0.9338855 0.2111285 -0.2885867 0
0.002549989 0.0445587 -0.0007590277 1

0.02388268 -0.7933691 -0.6082722 0
-0.4318235 -0.5569433 0.709466 0
-0.9016416 0.2457223 -0.3558967 0
0.001559711 0.04819354 0.005187069 1

0.5476936 -0.3530829 -0.7585275 0
-0.425509 -0.8981414 0.1108325 0
-0.7203982 0.262058 -0.6421462 0
0.001138818 0.06246579 0.0161143 1

0.3581617 0.7397285 -0.5696678 0
0.1487917 0.5571256 0.81699 0
0.9217274 -0.3773765 0.08947556 0
-0.008244374 0.04697992 -0.004063617 1

0.1553313 0.2675573 -0.9509391 0
-0.4810872 0.8612462 0.1637379 0
0.8628018 0.4320512 0.262497 0
0.01330835 0.0421005 0.002561585 1

0.1626925 0.585644 0.7940736 0
-0.3520654 -0.7173621 0.6012001 0
0.9217275 -0.3773766 0.08947556 0
-0.01775871 0.02732952 0.01106923 1

-0.4993026 0.809602 0.3086126 0
-0.07918161 -0.397337 0.9142504 0
0.8628018 0.4320512 0.2624969 0
0.009182067 0.03499302 0.02782265 1

0.3130583 0.04806679 -0.9485167 0
-0.2372162 -0.9631065 -0.1270997 0
-0.9196318 0.2647932 -0.2901062 0
-0.01427944 0.07515328 0.03858914 1

0.4046966 0.06591457 0.9120722 0
0.3140076 0.9267352 -0.2063027 0
-0.8588478 0.3698878 0.354349 0
-0.01995982 0.07841708 0.03208005 1

-0.002577275 0.9999791 -0.00597021 0
-0.216463 0.005271047 0.9762766 0
0.9762877 0.003808416 0.216445 0
-0.02315426 0.00790713 -0.01526555 1

-0.8067635 0.5788329 -0.1186799 0
0.578911 0.8145342 0.03736717 0
0.1182982 -0.03855914 -0.992229 0
-0.006809158 0.07363509 0.04380242 1

-0.003742948 0.9999751 -0.00597927 0
-0.3255883 0.004434735 0.9455011 0
0.945504 0.005485658 0.3255637 0
0.02574103 0.008143254 0.01758778 1

0.2729 -0.7950673 -0.5416585 0
-0.2225089 -0.5999266 0.7684903 0
-0.9359566 -0.08919729 -0.3406297 0
-0.01772905 0.07462363 0.0490409 1

0.2140013 0.6319994 0.7448356 0
0.5287269 0.5662073 -0.632342 0
-0.8213714 0.5291368 -0.212986 0
-0.02395116 0.077767 0.02308471 1

0.2164637 -0.005272239 -0.9762766 0
-0.002576455 0.9999791 -0.005971134 0
0.9762875 0.003807776 0.2164457 0
-0.02600369 -8.8837E-05 -0.002272317 1

-0.5796179 0.3742036 0.7238887 0
-0.04786679 0.87116 -0.4886599 0
-0.8134814 -0.3178866 -0.4870281 0
0.001147576 0.06792633 0.0449729 1

0.3255883 -0.004435927 -0.945501 0
-0.003742397 0.9999751 -0.005980283 0
0.9455041 0.005485509 0.3255637 0
0.02145403 0.0001362264 0.030173 1

0.04034707 0.9338418 -0.3554038 0
-0.3496106 0.3464042 0.8705038 0
0.936026 0.0891308 0.3404574 0
-0.01830011 0.07603531 0.0502404 1

0.4380723 0.8243371 0.3585538 0
0.3652963 0.2012024 -0.9088871 0
-0.8213714 0.5291368 -0.212986 0
-0.02903549 0.06275172 0.00538863 1

0.1074386 0.7408558 -0.6630154 0
0.5715812 -0.5916765 -0.5685191 0
-0.8134815 -0.3178866 -0.4870282 0
0.01491836 0.05903586 0.02777447 1

0.3686879 0.6275732 0.6857265 0
0.6813616 0.319348 -0.6586068 0
-0.6323096 0.7100483 -0.3098645 0
-0.0371241 0.04753103 -0.001231762 1

-0.03309876 0.9744533 -0.2221366 0
-0.6738685 -0.1858996 -0.7150822 0
-0.7381096 0.1260228 0.6628066 0
0.0129346 0.04535659 0.04001649 1

0.1258324 0.3842565 0.9146107 0
0.8783238 0.3854613 -0.2827843 0
-0.4612087 0.8389077 -0.2889979 0
-0.04338814 0.03612489 -0.01324835 1

-0.4312109 0.5831971 0.6884315 0
-0.476952 0.5003487 -0.7226117 0
-0.7658812 -0.6399469 0.062401 0
-0.03636603 0.03776619 -0.006424504 1

0.6409613 0.75721 0.1257066 0
0.4879697 -0.2755598 -0.8282226 0
-0.5924984 0.5921993 -0.5461183 0
0.008410886 0.03676683 0.04536846 1

0.1987433 0.7700166 0.6062806 0
-0.6094958 0.5815493 -0.5388087 0
-0.7674738 -0.2624407 0.5849007 0
0.01321226 0.02815278 0.04422225 1

-0.3373995 0.1354263 0.9315689 0
0.885799 0.3806252 0.2654892 0
-0.3186247 0.9147589 -0.248383 0
-0.04381791 0.03481251 -0.01637207 1

-0.3513615 0.4978227 0.7929168 0
-0.5384897 0.5853548 -0.6061255 0
-0.7658812 -0.6399469 0.062401 0
-0.03413561 0.03474963 -0.00998537 1

0.5967288 0.04100932 0.8013942 0
-0.2343046 0.9640763 0.1251329 0
-0.7674738 -0.2624407 0.5849007 0
0.01253347 0.02552289 0.04215156 1

0.3496632 0.7997938 0.4879204 0
0.7257285 0.09813455 -0.6809469 0
-0.5924984 0.5921992 -0.5461182 0
0.005095545 0.0328502 0.04471824 1

-0.7763507 -0.1015039 0.6220739 0
0.5891723 0.2338098 0.7734397 0
-0.2239541 0.9669692 -0.1217149 0
-0.04296562 0.03447042 -0.01872524 1

-0.1472264 0.2690109 0.9518177 0
-0.6258997 0.7197925 -0.3002473 0
-0.7658809 -0.6399468 0.06240097 0
-0.03306504 0.03323279 -0.01240136 1

0.4634837 -0.8574784 0.2234127 0
0.4429074 0.4425558 0.7797292 0
-0.7674737 -0.2624407 0.5849009 0
0.01102612 0.02541931 0.04012721 1

0.0819356 0.7187129 0.6904629 0
0.801394 0.3643516 -0.4743583 0
-0.5924985 0.5921993 -0.5461183 0
0.004030142 0.03041327 0.04323157 1

-0.2766849 0.9547092 0.1094345 0
-0.618103 -0.08961308 -0.7809725 0
-0.7357948 -0.283725 0.6149032 0
0.008264018 0.02591466 0.04359673 1

-0.01689434 -0.8114313 -0.5842037 0
-0.3043812 -0.5523809 0.7760331 0
-0.9524005 0.1909312 -0.2376524 0
0.00149167 0.04384449 -0.001749876 1

0.03121877 -0.7539935 -0.6561399 0
-0.3990161 -0.6112826 0.6834613 0
-0.9164122 0.2404736 -0.3199392 0
0.0006633834 0.04717685 0.004395202 1

0.5206307 -0.2877435 -0.803833 0
-0.3752015 -0.922821 0.08732435 0
-0.7669209 0.2561355 -0.5884107 0
0.0001096909 0.06074211 0.01618296 1

0.2536684 0.7555548 -0.6039779 0
0.217573 0.5638333 0.7967149 0
0.9425045 -0.3335106 -0.02136152 0
-0.009522215 0.04602038 -0.004456237 1

0.1259411 0.2372409 -0.9632525 0
-0.4896042 0.8593549 0.1476381 0
0.8628016 0.4530191 0.2243825 0
0.01246144 0.04161419 0.0009794572 1

0.2093512 0.5393875 0.8156186 0
-0.2604952 -0.7731962 0.5781956 0
0.9425046 -0.3335108 -0.02136154 0
-0.01626075 0.02594957 0.01158804 1

-0.5018117 0.8212786 0.2714534 0
-0.06130672 -0.3468081 0.9359306 0
0.8628016 0.453019 0.2243825 0
0.00911589 0.03531204 0.02656763 1

0.2567753 0.109582 -0.9602385 0
-0.1976825 -0.9665909 -0.163169 0
-0.9460381 0.2317201 -0.2265343 0
-0.01461534 0.07152909 0.04007078 1

0.4594243 0.07312977 0.8852014 0
0.2266661 0.9539551 -0.1964504 0
-0.8588082 0.2908993 0.421694 0
-0.02080082 0.07481283 0.03405047 1

0.0005988181 0.9999979 -0.00213939 0
-0.2204021 0.002218992 0.9754065 0
0.9754093 -0.0001125485 0.2204031 0
-0.0232037 0.008061234 -0.01546127 1

-0.8387952 0.5424895 -0.04612711 0
0.5405868 0.8399247 0.04788238 0
0.06471892 0.01522762 -0.9977872 0
-0.006800892 0.07013953 0.0447922 1

-0.006113604 0.9999791 -0.002184242 0
-0.3260807 7.122755E-05 0.9453419 0
0.945322 0.006491724 0.3260737 0
0.02575806 0.008075029 0.01756511 1

0.2630824 -0.7290487 -0.6318829 0
-0.2157824 -0.6828272 0.6979862 0
-0.9403325 -0.04727879 -0.3369557 0
-0.01744476 0.0703216 0.0506517 1

0.2606045 0.6676359 0.6973865 0
0.3801269 0.5930424 -0.7097915 0
-0.8874621 0.4500705 -0.09923698 0
-0.02533191 0.0740916 0.02532014 1

0.2204029 -0.002220124 -0.9754065 0
0.0005997568 0.999998 -0.002140522 0
0.9754091 -0.0001131669 0.2204038 0
-0.02613099 2.465025E-05 -0.002510478 1

-0.5554787 0.3663985 0.7464553 0
-0.07592493 0.8715898 -0.4843206 0
-0.8280574 -0.3257045 -0.4563311 0
0.001471756 0.06478919 0.04524712 1

0.3260806 -7.253885E-05 -0.9453419 0
-0.006112993 0.9999791 -0.002185315 0
0.9453222 0.006491546 0.3260737 0
0.02148366 1.011416E-05 0.03011761 1

0.02556664 0.9776835 -0.2085226 0
-0.3392946 0.2046958 0.9181387 0
0.9403328 0.04727688 0.3369562 0
-0.01799555 0.07158925 0.05201091 1

0.3628557 0.8150751 0.4516512 0
0.2841602 0.3648145 -0.8866585 0
-0.887462 0.4500705 -0.09923694 0
-0.03152347 0.05822965 0.008751369 1

0.06015958 0.7576218 -0.649915 0
0.5574065 -0.5656196 -0.60776 0
-0.8280573 -0.3257044 -0.4563311 0
0.01466904 0.05608416 0.02751254 1

0.2745474 0.5515919 0.7876358 0
0.6039873 0.5384383 -0.5876083 0
-0.7482132 0.6370484 -0.1853276 0
-0.03822327 0.04317999 0.0004120189 1

0.003092945 0.9681295 -0.2504306 0
-0.6737294 -0.1830457 -0.7159492 0
-0.7389717 0.1709369 0.6516908 0
0.01355824 0.04209533 0.03951268 1

0.08064616 0.2350309 0.9686365 0
0.7955716 0.5702649 -0.2046065 0
-0.600468 0.7871206 -0.140994 0
-0.04277251 0.03315035 -0.01346053 1

-0.5066092 0.3741344 0.7767693 0
-0.5694365 0.5312825 -0.627281 0
-0.6473713 -0.7601073 -0.05610693 0
-0.03597001 0.03473298 -0.006404346 1

0.666049 0.7377429 0.1100664 0
0.485183 -0.3164175 -0.8151549 0
-0.5665477 0.5963349 -0.5686897 0
0.008689095 0.03382807 0.04506565 1

0.2203847 0.779955 0.5857483 0
-0.5839717 0.5865015 -0.5612419 0
-0.7812856 -0.2183713 0.5847273 0
0.01319467 0.02502213 0.04421484 1

-0.3343292 -0.08694986 0.9384369 0
0.8159813 0.4715464 0.3343937 0
-0.4715917 0.8775443 -0.08670229 0
-0.04304795 0.03234763 -0.01676879 1

-0.4113775 0.2864946 0.8652683 0
-0.6416223 0.5832311 -0.4981591 0
-0.6473712 -0.7601072 -0.05610695 0
-0.03334959 0.03279779 -0.01042214 1

0.5907979 0.04350911 0.8056455 0
-0.2013705 0.9748951 0.09502056 0
-0.7812856 -0.2183713 0.5847273 0
0.01244197 0.02235829 0.04221429 1

0.3732827 0.8009913 0.4680529 0
0.7346318 0.05289218 -0.6764012 0
-0.5665477 0.5963349 -0.5686897 0
0.005243993 0.03001214 0.04449633 1

-0.7346296 -0.3365869 0.5890912 0
0.5592703 0.1911367 0.8066498 0
-0.3841043 0.9220501 0.04782826 0
-0.04220343 0.03256726 -0.01913931 1

-0.16858 0.07100818 0.983127 0
-0.7432975 0.6459066 -0.1741074 0
-0.6473712 -0.760107 -0.05610698 0
-0.03209614 0.03192486 -0.01305858 1

0.4311085 -0.8662434 0.2525213 0
0.4513733 0.4493726 0.7709256 0
-0.7812856 -0.2183713 0.5847273 0
0.0109496 0.02224839 0.04017921 1

0.1011178 0.7352293 0.6702338 0
0.8178011 0.322215 -0.4768422 0
-0.5665477 0.5963349 -0.5686896 0
0.004106617 0.02757156 0.0430702 1

-0.2460028 0.9661652 0.0775108 0
-0.6147159 -0.09368813 -0.7831647 0
-0.7494044 -0.2403079 0.6169645 0
0.008301019 0.02306336 0.04352306 1

-0.0154373 -0.7943158 -0.607309 0
-0.2167715 -0.5902773 0.7775493 0
-0.9761003 0.1436504 -0.1630729 0
0.0003156883 0.04383126 -0.002850832 1

0.03035318 -0.7228658 -0.6903217 0
-0.3333627 -0.658418 0.6747999 0
-0.9423098 0.2096451 -0.2609618 0
-0.0002295303 0.04693547 0.0034438 1

0.4705718 -0.2357219 -0.8502924 0
-0.3127152 -0.9456593 0.08909577 0
-0.8250887 0.2239732 -0.5187145 0
-0.000768897 0.05994189 0.0158457 1

0.1884238 0.7572294 -0.6253799 0
0.2390716 0.5822644 0.7770544 0
0.9525446 -0.2959262 -0.07131945 0
-0.01097137 0.04545126 -0.004689114 1

0.07804808 0.228887 -0.9703191 0
-0.4872634 0.8578754 0.1631694 0
0.8697602 0.4600663 0.1784841 0
0.01155831 0.04214312 -0.0009826459 1

0.2231005 0.5193128 0.8249491 0
-0.2070868 -0.8017124 0.5606895 0
0.9525447 -0.2959262 -0.07131947 0
-0.01597672 0.02533596 0.01192369 1

-0.4910251 0.8428444 0.2202449 0
-0.04910675 -0.2792005 0.9589764 0
0.8697602 0.4600662 0.178484 0
0.009485014 0.03606289 0.02479324 1

0.1723722 0.148555 -0.9737654 0
-0.1535717 -0.9724216 -0.1755347 0
-0.9729868 0.1797999 -0.1448048 0
-0.01414001 0.06922321 0.04112185 1

0.5281257 0.109859 0.8420299 0
0.1223331 0.9714093 -0.2034667 0
-0.840308 0.2104641 0.4995866 0
-0.02096739 0.07227624 0.03570399 1

-0.02023171 0.9997849 -0.004692942 0
-0.2198446 0.0001304746 0.9755348 0
0.9753253 0.02076859 0.2197949 0
-0.02337566 0.008113388 -0.01543505 1

-0.8700097 0.4916419 0.03702949 0
0.4927239 0.8696716 0.02991113 0
-0.01749814 0.04426813 -0.9988664 0
-0.005905669 0.06819046 0.04517369 1

-0.002267927 0.9999956 -0.001937151 0
-0.3245162 0.001096159 0.9458794 0
0.9458772 0.002774021 0.3245126 0
0.02576945 0.008110661 0.01748901 1

0.2406648 -0.6472749 -0.7232673 0
-0.1678259 -0.761696 0.6258222 0
-0.9559889 -0.02923065 -0.2919432 0
-0.01603939 0.06758627 0.05185182 1

0.2851804 0.7297797 0.6213647 0
0.1877316 0.5931994 -0.7828608 0
-0.9399089 0.3399065 0.03216592 0
-0.02617604 0.07119276 0.02739944 1

0.2198454 -0.000131458 -0.9755347 0
-0.02023089 0.9997848 -0.004693776 0
0.9753253 0.02076797 0.2197956 0
-0.02612753 5.083159E-05 -0.002461961 1

-0.4897777 0.4376895 0.7540196 0
-0.07314725 0.8411744 -0.5357938 0
-0.8687735 -0.3175747 -0.3799729 0
0.002674831 0.06334162 0.04480847 1

0.3245161 -0.001097381 -0.9458793 0
-0.002267465 0.9999956 -0.001938194 0
0.9458775 0.002773853 0.3245126 0
0.02148479 5.920976E-05 0.03004664 1

-0.001943678 0.9956354 -0.09331146 0
-0.2952576 0.08858046 0.9513024 0
0.9554155 0.02940013 0.293797 0
-0.01653726 0.06868035 0.05337264 1

0.3082222 0.8042046 0.5081869 0
0.1468678 0.4875638 -0.8606457 0
-0.9399089 0.3399064 0.03216597 0
-0.03295147 0.05385438 0.01263683 1

0.009948805 0.7559485 -0.6545553 0
0.4951098 -0.5724407 -0.6535885 0
-0.8687735 -0.3175746 -0.3799728 0
0.01431115 0.05294282 0.02689418 1

0.2235922 0.4798974 0.8483542 0
0.4893871 0.6974472 -0.5235146 0
-0.8429154 0.5322276 -0.07891193 0
-0.03864254 0.03900542 0.003253584 1

0.03795445 0.95882 -0.2814668 0
-0.6744609 -0.183255 -0.7152065 0
-0.7373343 0.2169837 0.6397313 0
0.01412746 0.03898488 0.03897999 1

0.0877156 0.1162613 0.9893377 0
0.6909692 0.7082956 -0.1444964 0
-0.7175429 0.6962763 -0.01820458 0
-0.04225061 0.03028937 -0.01173803 1

-0.5217603 0.1866212 0.8324291 0
-0.6702471 0.5139885 -0.5353363 0
-0.5277642 -0.8372507 -0.1430966 0
-0.03545392 0.0319715 -0.00469928 1

0.6900617 0.7179157 0.09171906 0
0.4798972 -0.3590073 -0.8005078 0
-0.541769 0.5964152 -0.5922627 0
0.008939196 0.0310723 0.0447562 1

0.242715 0.7906505 0.5621043 0
-0.5595716 0.5874255 -0.5846458 0
-0.7924449 -0.1726353 0.5850024 0
0.01314725 0.02209563 0.04422677 1

-0.2751443 -0.2593436 0.9257625 0
0.7500724 0.5444525 0.3754509 0
-0.6014044 0.7976921 0.04472327 0
-0.0425502 0.0298923 -0.01511699 1

-0.4105853 0.1039891 0.9058728 0
-0.743562 0.5368407 -0.3986447 0
-0.5277642 -0.8372507 -0.1430966 0
-0.03275514 0.0310062 -0.009004982 1

0.5861725 0.04959908 0.8086666 0
-0.1686196 0.9837362 0.06188989 0
-0.7924449 -0.1726353 0.5850024 0
0.01231829 0.01939526 0.04230698 1

0.3970789 0.8026544 0.4450564 0
0.7408204 0.005942732 -0.6716769 0
-0.5417692 0.5964151 -0.5922627 0
0.005369888 0.02735892 0.04428177 1

-0.6486561 -0.5201901 0.5555606 0
0.5597693 0.1684953 0.8113371 0
-0.5156584 0.8372645 0.1818906 0
-0.04185519 0.03054741 -0.01745549 1

-0.1331577 -0.08483216 0.9874572 0
-0.8388886 0.5401992 -0.06671527 0
-0.5277642 -0.8372506 -0.1430965 0
-0.03150411 0.03068935 -0.01176513 1

0.3994485 -0.8717043 0.2838516 0
0.4609466 0.4586154 0.7597369 0
-0.7924449 -0.1726353 0.5850024 0
0.0108376 0.01926997 0.04026426 1

0.1213895 0.7527642 0.6470018 0
0.8317156 0.2786313 -0.4802226 0
-0.5417691 0.596415 -0.5922625 0
0.004160007 0.02491327 0.04292572 1

-0.2147073 0.9756137 0.04559496 0
-0.6114533 -0.09786886 -0.7852049 0
-0.7615942 -0.1964684 0.6175552 0
0.008343869 0.02020462 0.04344312 1

-0.01196681 -0.7908413 -0.6119042 0
-0.1384485 -0.6047434 0.784294 0
-0.9902973 0.09410272 -0.1022541 0
-0.0008889804 0.04471811 -0.00400255 1

0.02883158 -0.7100393 -0.7035717 0
-0.2767475 -0.6820199 0.6769485 0
-0.9605099 0.1751941 -0.2161653 0
-0.001192017 0.04775552 0.002340985 1

0.4244693 -0.2250418 -0.8770301 0
-0.2676663 -0.9565166 0.1158909 0
-0.8649743 0.1855591 -0.466248 0
-0.001704935 0.06053169 0.01498045 1

0.1390241 0.7592367 -0.6357923 0
0.240196 0.5970027 0.7654372 0
0.9607178 -0.259129 -0.09936777 0
-0.01233394 0.0457656 -0.005140772 1

0.02352733 0.2565903 -0.9662337 0
-0.4810698 0.8501496 0.2140497 0
0.8763664 0.4597899 0.1434398 0
0.01051936 0.0436007 -0.002832335 1

0.2269549 0.5274932 0.8186835 0
-0.1597288 -0.8090758 0.5655824 0
0.9607179 -0.259129 -0.09936777 0
-0.01602703 0.02559698 0.01174863 1

-0.4789709 0.8632936 0.1590933 0
-0.05068111 -0.2081274 0.9767877 0
0.8763663 0.45979 0.1434399 0
0.009894365 0.03678455 0.02283503 1

0.1035899 0.1455771 -0.9839087 0
-0.124818 -0.9795076 -0.1580675 0
-0.986757 0.1391837 -0.08329655 0
-0.01379984 0.06951835 0.04099518 1

0.5776277 0.169663 0.7984737 0
0.03712299 0.9716902 -0.2333239 0
-0.8154554 0.1644161 0.5549767 0
-0.02107801 0.07224108 0.03600498 1

-0.04133398 0.999105 -0.009034842 0
-0.2191485 -0.0002430081 0.9756914 0
0.9748161 0.04230917 0.2189625 0
-0.0235538 0.00810311 -0.01540231 1

-0.8851218 0.4559474 0.09312005 0
0.457195 0.8893239 -0.008716255 0
-0.08678778 0.03485876 -0.9956167 0
-0.005288248 0.06885674 0.04451703 1

0.0002765507 0.9999846 -0.005501598 0
-0.3248397 0.005293131 0.945754 0
0.9457687 0.001525767 0.3248365 0
0.02577903 0.008154146 0.01755882 1

0.2147916 -0.5577508 -0.8017347 0
-0.1176803 -0.8296934 0.5456736 0
-0.9695439 -0.0228578 -0.2438476 0
-0.0149413 0.06791423 0.05183693 1

0.2755317 0.8025649 0.5291236 0
0.002584055 0.549809 -0.8352859 0
-0.9612884 0.2315152 0.1494159 0
-0.02677488 0.07056779 0.02813001 1

0.2191493 0.0002420843 -0.9756913 0
-0.0413331 0.999105 -0.009035707 0
0.9748158 0.04230856 0.2189632 0
-0.02612622 4.108623E-05 -0.002392135 1

-0.4280283 0.5843697 0.6894231 0
-0.02734129 0.7541121 -0.6561761 0
-0.9033519 -0.2997119 -0.3068038 0
0.003441296 0.06435993 0.04359862 1

0.3248396 -0.005294263 -0.9457539 0
0.0002770871 0.9999845 -0.005502671 0
0.9457688 0.001525566 0.3248364 0
0.02146955 0.0001584291 0.03014355 1

-0.02459756 0.9996892 0.004101545 0
-0.2496684 -0.0101155 0.9682785 0
0.9680187 0.02279334 0.2498398 0
-0.01537917 0.06882197 0.05349284 1

0.2753182 0.8289617 0.4868492 0
-0.01114717 0.5091393 -0.8606116 0
-0.9612884 0.2315153 0.149416 0
-0.03332108 0.05150015 0.01555889 1

-0.05741906 0.7933965 -0.605991 0
0.4250397 -0.5298069 -0.7339253 0
-0.903352 -0.2997119 -0.3068039 0
0.01361056 0.05047625 0.02721903 1

0.230814 0.4956965 0.837263 0
0.4069551 0.7324372 -0.545823 0
-0.8838055 0.4667122 -0.0326695 0
-0.03840459 0.03619407 0.006569639 1

0.07135165 0.9478443 -0.3106445 0
-0.6765146 -0.1828701 -0.7133628 0
-0.7329648 0.2610553 0.6281824 0
0.01467075 0.03582687 0.03840814 1

0.1304783 0.1228346 0.9838121 0
0.6267575 0.7586476 -0.1778452 0
-0.7682124 0.6398167 0.02199954 0
-0.0421239 0.02722554 -0.008244831 1

-0.4899729 0.1467046 0.8593043 0
-0.7344561 0.4615113 -0.4975756 0
-0.4695754 -0.8749202 -0.11838 0
-0.03511405 0.02942033 -0.001565504 1

0.7131378 0.6971287 0.07380158 0
0.4717638 -0.3993782 -0.7860894 0
-0.5185305 0.5954065 -0.6136912 0
0.009191924 0.02827366 0.04439337 1

0.2660553 0.7992136 0.5389552 0
-0.5366617 0.5872528 -0.6059108 0
-0.8007553 -0.1280309 0.5851489 0
0.01310096 0.01915025 0.04416683 1

-0.2057072 -0.2792373 0.9379288 0
0.7253279 0.5998942 0.337678 0
-0.6569505 0.7497687 0.07913618 0
-0.04256954 0.02680602 -0.01160493 1

-0.3691524 0.0727655 0.9265155 0
-0.8020133 0.4787693 -0.3571476 0
-0.4695754 -0.87492 -0.11838 0
-0.03257969 0.02866152 -0.006010212 1

0.5833396 0.05517876 0.8103519 0
-0.1360376 0.990234 0.03050122 0
-0.8007553 -0.1280309 0.5851489 0
0.01219228 0.01642062 0.04232609 1

0.4213328 0.802455 0.4225466 0
0.7440467 -0.03946498 -0.6669616 0
-0.5185305 0.5954065 -0.6136913 0
0.005503252 0.0246678 0.04401164 1

-0.5772972 -0.5677683 0.5868276 0
0.5872161 0.210692 0.7815279 0
-0.5673667 0.7957687 0.2117709 0
-0.04204991 0.02751137 -0.01397416 1

-0.0743121 -0.09443933 0.9927528 0
-0.8797594 0.4749695 -0.0206707 0
-0.4695754 -0.87492 -0.11838 0
-0.0314549 0.0284398 -0.008833257 1

0.3686951 -0.875254 0.3130397 0
0.4720756 0.46641 0.7480687 0
-0.8007553 -0.1280309 0.5851489 0
0.01071875 0.01628124 0.04027911 1

0.1430994 0.7680233 0.6242304 0
0.843 0.2358636 -0.4834457 0
-0.5185305 0.5954065 -0.6136912 0
0.00421947 0.02222276 0.04272416 1

-0.232229 0.9686219 0.08855245 0
-0.6069362 -0.07316583 -0.7913754 0
-0.7600645 -0.237526 0.6048828 0
0.007506249 0.02300789 0.04334231 1

-0.001071917 -0.8079377 -0.5892669 0
-0.1116858 -0.5854836 0.8029538 0
-0.9937429 0.06667347 -0.08960767 0
-0.002033363 0.04670414 -0.005145682 1

0.03839488 -0.7261573 -0.6864557 0
-0.2689834 -0.6691164 0.6927704 0
-0.962379 0.1580464 -0.2210149 0
-0.002304321 0.04991079 0.001115622 1

0.4128385 -0.2793952 -0.8668925 0
-0.2701146 -0.9465264 0.1764243 0
-0.8698289 0.1613255 -0.4662313 0
-0.00298904 0.06297635 0.0134464 1

0.1401604 0.757695 -0.6373799 0
0.2020054 0.6083122 0.7675613 0
0.9693034 -0.236336 -0.06779715 0
-0.01350973 0.04744866 -0.006152058 1

-0.02790684 0.3282623 -0.9441742 0
-0.4738427 0.8273347 0.3016459 0
0.8801669 0.4558081 0.1324565 0
0.009419879 0.0459162 -0.004119412 1

0.1961146 0.5768701 0.7929439 0
-0.148291 -0.7818991 0.6055108 0
0.9693034 -0.236336 -0.06779717 0
-0.017233 0.02732099 0.01077952 1

-0.4696441 0.8767406 0.1037296 0
-0.06884919 -0.1535067 0.9857462 0
0.8801669 0.4558082 0.1324565 0
0.0101612 0.03719614 0.02096196 1

0.09217517 0.0855619 -0.9920599 0
-0.1307173 -0.9866393 -0.09724 0
-0.9871254 0.1386425 -0.07975926 0
-0.01472961 0.07356867 0.03901542 1

0.588682 0.2432746 0.7708898 0
