MeshAnim
1
29
56
30
0 0.2413995 -0.9704258 0
0 0.9704258 0.2413995 0
1 0 0 0
0.6381073 2.781268 5.772982 1

0 -0.00473924 -0.9999888 0
0 0.9999888 -0.00473924 0
1 0 0 0
0.6381073 2.731027 5.950024 1

0.6401871 -0.6022995 0.4768604 0
0.4256604 0.7948435 0.4324778 0
-0.6395105 -0.07388616 0.7652236 0
0.2254893 2.807559 5.706399 1

-0.6811177 -0.692463 0.237852 0
-0.6798187 0.7187485 0.145764 0
-0.271892 -0.06241375 -0.9603017 0
1.050725 2.807559 5.706399 1

-0.01110276 -0.6001358 0.7998212 0
-0.008330025 0.7998982 0.600078 0
-0.9999037 -9.546056E-09 -0.01388022 0
0.6381073 2.957459 5.600096 1

0 0.02007632 -0.9997985 0
0 0.9997985 0.02007632 0
1 0 0 0
0.6381073 2.704585 6.135874 1

0.7709106 -0.6366465 -0.01944776 0
0.6312777 0.7677603 -0.1096927 0
0.08476669 0.07228632 0.9937754 0
0.1671112 2.774325 5.867924 1

-0.7052207 -0.6651419 0.2454584 0
-0.6050957 0.7450864 0.2805451 0
-0.36949 0.04932046 -0.9279249 0
1.109103 2.774326 5.867925 1

0.6423384 0.2615551 0.7204098 0
-0.2409265 0.9612248 -0.1341692 0
-0.7275683 -0.08738381 0.6804472 0
-0.4560707 3.448783 5.198721 1

-0.890612 0.2674227 0.3678253 0
0.2225774 0.9616569 -0.1602356 0
-0.3965724 -0.06083821 -0.9159854 0
1.775861 3.544773 5.453176 1

-0.01133585 0.1892039 0.9818724 0
0.002184229 0.9819379 -0.1891913 0
-0.9999334 -1.001172E-08 -0.01154437 0
0.6469872 3.437445 4.960403 1

0 -0.3616938 -0.932297 0
0 0.932297 -0.3616938 0
1 0 0 0
0.6381073 2.721644 6.355194 1

0.7359123 -0.6767394 -0.02137643 0
0.6761906 0.7329677 0.07432877 0
-0.03463292 -0.06915401 0.9970046 0
0.1311986 2.732112 6.128675 1

-0.7163543 -0.5946222 -0.3650492 0
-0.4964359 0.8020008 -0.3321839 0
0.4902937 -0.05673774 -0.8697086 0
1.145016 2.732112 6.128675 1

0.9650363 0.2468057 -0.08827254 0
-0.2519604 0.9662942 -0.05283651 0
0.07225689 0.0732303 0.9946942 0
-0.6881114 3.4806 5.889499 1

-0.8890244 0.2543936 0.3806831 0
0.2535562 0.9658514 -0.05329537 0
-0.3812413 0.04914372 -0.9231685 0
1.891451 3.512212 5.595621 1

0.3944065 0.6413519 0.6581118 0
-0.4020053 0.7644227 -0.5040334 0
-0.8263384 -0.06577043 0.5593202 0
-1.094242 3.188924 4.482985 1

-0.6231267 0.7001381 0.3485969 0
0.5737602 0.7121033 -0.4046086 0
-0.5315189 -0.0521114 -0.845442 0
2.660692 3.279086 5.087739 1

6.426126E-08 0.2413997 -0.9704258 0
2.793968E-09 0.9704257 0.2413997 0
1 -1.95774E-08 6.326906E-08 0
0.658679 3.242301 3.947703 1

1 4.311726E-08 1.111385E-07 0
0 1 5.960464E-08 0
-1.192093E-07 -2.980232E-08 1 0
0.6381073 2.998768 6.620589 1

0.4321192 -0.4092628 -0.8036026 0
0.1723846 0.9121476 -0.3718473 0
0.8851873 0.02215362 0.4647071 0
0.1219837 2.716757 6.355618 1

-0.4930321 -0.812903 -0.3100132 0
-0.7090416 0.5819269 -0.3982727 0
0.504162 0.02345103 -0.8632907 0
1.154231 2.716758 6.355618 1

0.9622756 0.2647879 -0.06255248 0
-0.259028 0.9619305 0.08714478 0
0.08324608 -0.06765451 0.9942299 0
-0.7202346 3.515084 6.153406 1

-0.7782219 0.2456942 -0.5779318 0
0.2393975 0.9668638 0.08867548 0
0.5805683 -0.06934619 -0.8112531 0
1.973821 3.420075 6.551028 1

0.6774014 0.7332019 -0.05951795 0
-0.7355972 0.6757073 -0.04813004 0
0.004927687 0.07638451 0.9970663 0
-1.629253 3.239905 5.975586 1

-0.5728774 0.7522588 0.3254509 0
0.6886974 0.657077 -0.3065059 0
-0.444418 0.04854691 -0.8945032 0
2.758457 3.264118 5.224367 1

0.2211363 0.8311875 0.5101237 0
-0.3892113 0.5548293 -0.7353088 0
-0.894211 -0.03594248 0.4462004 0
-1.501822 2.526151 3.802892 1

-0.3767111 0.8935106 0.2443923 0
0.6667009 0.4446873 -0.5981328 0
-0.6431162 -0.06238669 -0.7632231 0
3.304632 2.555562 4.727498 1

0.2698149 0.06619368 -0.9606344 0
-0.01789929 0.9978069 0.06372775 0
0.9627459 3.72529E-08 0.270408 0
0.5288021 3.002892 6.709701 1

-0.2477467 0.03878495 -0.9680483 0
0.009616056 0.9992477 0.03757399 0
0.9687773 6.705523E-08 -0.2479333 0
0.7474123 3.002892 6.709701 1

0.3246838 0.2302569 -0.9173671 0
-0.1407079 0.9708804 0.1938879 0
0.9352977 0.06612849 0.3476282 0
-0.3814194 3.193534 7.291787 1

-0.7225231 0.279326 -0.6324061 0
0.1786106 0.9591089 0.2195642 0
0.6678762 0.04568572 -0.742869 0
1.728593 3.663756 6.716771 1

0.6511595 0.7586917 0.01944374 0
-0.7573744 0.6479572 0.08084227 0
0.04873573 -0.06736742 0.9965373 0
-1.661829 3.255986 6.214614 1

-0.5612508 0.7029876 -0.4368131 0
0.6150608 0.7074218 0.3482165 0
0.553803 -0.07322979 -0.8294213 0
2.735318 3.179661 7.116539 1

0.4175851 0.9082143 -0.0277421 0
-0.9009641 0.409906 -0.1422706 0
-0.1178405 0.08440471 0.9894391 0
-2.306049 2.507359 6.03505 1

-0.2994574 0.9208073 0.2498784 0
0.7779366 0.38727 -0.4948096 0
-0.5523947 0.04621521 -0.8323007 0
3.330823 2.512531 4.899206 1

0.2457308 0.389472 -0.8876531 0
-0.01310739 0.9169824 0.3987122 0
0.9692495 -0.08634092 0.2304358 0
-1.606172 2.133931 3.562175 1

0.1385584 0.2377274 -0.9613987 0
-0.1147536 0.9680775 0.2228403 0
0.9836835 0.07944752 0.1614155 0
3.482395 2.133931 4.612174 1

0.2794015 0.763777 -0.581876 0
-0.3306072 0.6454804 0.688516 0
0.9014621 3.72529E-08 0.4328583 0
0.4775355 2.990315 6.892227 1

-0.295248 0.7698921 -0.5657694 0
0.3561866 0.6381741 0.6825431 0
0.886544 8.195639E-08 -0.4626449 0
0.7939621 2.995605 6.89159 1

0.2398718 0.5140742 -0.8235226 0
-0.2036192 0.8560614 0.4750771 0
0.9492106 0.05372742 0.3100204 0
-0.6749254 2.985387 8.121063 1

-0.4236449 0.8064662 -0.4124772 0
0.5475392 0.5907422 0.5926421 0
0.7216133 0.02522238 -0.6918367 0
2.381736 3.411252 7.28845 1

0.3844905 0.9225977 0.03131586 0
-0.9195043 0.3797574 0.1014691 0
0.08172277 -0.06780897 0.9943458 0
-2.306221 2.50518 6.195373 1

-0.3638732 0.8699139 -0.3329353 0
0.7287264 0.4884951 0.4799277 0
0.580133 -0.06798588 -0.8116795 0
3.290734 2.483981 7.548812 1

-0.2729667 -0.06572658 -0.9597759 0
0.05245128 0.9951628 -0.08306728 0
0.9605929 -0.0730161 -0.2681989 0
-2.477746 2.133931 6.046457 1

-0.1892609 0.04494138 -0.980898 0
0.009441167 0.9989894 0.0439488 0
0.9818816 -0.0009432137 -0.1894938 0
3.453948 2.133932 4.796466 1

-0.3202661 0.920471 0.2239714 0
0.754317 0.3908115 -0.5275155 0
-0.5730931 -4.470348E-08 -0.8194904 0
0.4246402 2.84572 7.002386 1

0.2814465 0.9461365 0.1600435 0
-0.8224609 0.3237683 -0.4676889 0
-0.4943145 -1.490116E-08 0.8692836 0
0.8493069 2.851287 6.997644 1

0.1342829 0.7226835 -0.6780095 0
-0.1022728 0.6906599 0.7159117 0
0.9856513 -0.02679277 0.1666547 0
-0.9358168 2.426265 9.01675 1

-0.05893666 0.9893156 -0.133346 0
0.5421306 0.1438838 0.8278841 0
0.8382248 -0.02349822 -0.5448182 0
2.842505 2.534116 7.737072 1

0.278755 0.08037715 -0.9569928 0
0.008384198 0.9962499 0.08611649 0
0.9603256 -0.03202896 0.2770358 0
-2.460937 2.133933 6.182772 1

0.2516024 -0.08957501 -0.9636766 0
-0.07103458 0.9913131 -0.11069 0
0.9652203 0.09630404 0.2430538 0
3.437156 2.133931 7.682783 1

1 -1.263835E-07 4.091617E-07 0
8.381905E-08 1 2.980232E-08 0
-3.278256E-07 4.470348E-08 1 0
0.4576534 2.750837 6.979299 1

1 6.174373E-08 6.830351E-09 0
3.445893E-08 1 1.043081E-07 0
-2.980232E-08 1.490116E-08 1 0
0.8193754 2.750667 6.980624 1

-0.175341 -0.6720018 -0.7194924 0
0.02760445 0.7271713 -0.6859009 0
0.9841207 -0.1401278 -0.1089527 0
-0.9901359 2.133931 9.291014 1

-0.289627 -0.1659004 -0.9426523 0
0.03526628 0.9823455 -0.1837216 0
0.9564896 -0.08645456 -0.2786631 0
2.866345 2.13393 7.791012 1

0 0.2413995 -0.9704258 0
0 0.9704258 0.2413995 0
1 0 0 0
0.6381073 2.780841 5.772982 1

0 -0.00473924 -0.9999888 0
0 0.9999888 -0.00473924 0
1 0 0 0
0.6381073 2.730601 5.950024 1

0.6295227 -0.6284189 0.4569366 0
0.4528195 0.774627 0.4414836 0
-0.631392 -0.07101414 0.7722055 0
0.2254893 2.807133 5.706399 1

-0.6783933 -0.6935634 0.242389 0
-0.6783464 0.7180051 0.1559326 0
-0.2821857 -0.05864002 -0.957566 0
1.050725 2.807132 5.706399 1

-0.01110559 -0.5998725 0.8000185 0
-0.008326484 0.8000956 0.5998148 0
-0.9999037 -4.703179E-08 -0.01388036 0
0.6381073 2.957033 5.600096 1

0 0.02007632 -0.9997985 0
0 0.9997985 0.02007632 0
1 0 0 0
0.6381073 2.704159 6.135874 1

0.7672836 -0.641181 -0.01277438 0
0.6370204 0.7643018 -0.1002386 0
0.07403451 0.06877382 0.9948815 0
0.1671112 2.773899 5.867924 1

-0.6877506 -0.6868858 0.2349199 0
-0.6286084 0.7253533 0.2805604 0
-0.3631128 0.04528299 -0.9306443 0
1.109103 2.773899 5.867925 1

0.6513214 0.2540453 0.7150116 0
-0.232872 0.9637403 -0.1302904 0
-0.7221851 -0.08164526 0.6868646 0
-0.4447172 3.476164 5.219933 1

-0.8862728 0.2671849 0.3783291 0
0.2220269 0.9619508 -0.1592325 0
-0.4064784 -0.05712414 -0.9118729 0
1.77296 3.545518 5.448346 1

-0.01133364 0.1900152 0.9817157 0
0.002194341 0.9817811 -0.1900025 0
-0.9999334 7.986091E-07 -0.01154411 0
0.6469895 3.436808 4.960246 1

0 -0.3616938 -0.932297 0
0 0.932297 -0.3616938 0
1 0 0 0
0.6381073 2.721218 6.355194 1

0.7147616 -0.6989393 -0.02448606 0
0.6989574 0.7127045 0.05925119 0
-0.02396166 -0.05946514 0.9979429 0
0.1311986 2.731685 6.128675 1

-0.7152113 -0.6021265 -0.3548474 0
-0.5083257 0.7965988 -0.3271628 0
0.4796643 -0.05361238 -0.8758128 0
1.145016 2.731685 6.128675 1

0.9660366 0.2466951 -0.0769088 0
-0.2509862 0.9665857 -0.05213638 0
0.06147711 0.06966861 0.9956741 0
-0.6840878 3.485204 5.882096 1

-0.896983 0.2346656 0.3746386 0
0.2340933 0.9710405 -0.04775839 0
-0.3749964 0.04486202 -0.9259402 0
1.87207 3.535907 5.607312 1

0.3980767 0.6458778 0.6514422 0
-0.4041993 0.7609763 -0.5074822 0
-0.8235035 -0.06129561 0.5639902 0
-1.091813 3.223766 4.50956 1

-0.6180742 0.7000492 0.3576531 0
0.5704024 0.712437 -0.4087479 0
-0.5409487 -0.04863027 -0.8396485 0
2.65348 3.280067 5.072473 1

2.30968E-06 0.2405978 -0.9706249 0
1.010764E-05 0.9706248 0.2405977 0
1 -1.036649E-05 -1.900235E-07 0
0.6586789 3.240827 3.947707 1

1 4.311726E-08 1.111385E-07 0
0 1 5.960464E-08 0
-1.192093E-07 -2.980232E-08 1 0
0.6381073 2.998342 6.620589 1

0.4359054 -0.4280915 -0.7916593 0
0.1862456 0.9034956 -0.3860162 0
0.8805107 0.0208235 0.4735687 0
0.1219837 2.716331 6.355618 1

-0.4759029 -0.8265409 -0.3005772 0
-0.711651 0.5627091 -0.4206083 0
0.5167874 0.01373734 -0.8560036 0
1.154231 2.716331 6.355618 1

0.9663855 0.2453094 -0.07695661 0
-0.2390285 0.9675064 0.08244283 0
0.09468 -0.06127669 0.9936202 0
-0.6957638 3.540342 6.157004 1

-0.7852582 0.2460796 -0.5681676 0
0.2383824 0.9670503 0.08937423 0
0.5714397 -0.06525928 -0.8180451 0
1.972498 3.428331 6.539224 1

0.6757449 0.7354804 -0.04937206 0
-0.7371104 0.6736482 -0.05354142 0
-0.006119307 0.07257292 0.9973444 0
-1.626204 3.244617 5.9571 1

-0.5859719 0.7434633 0.3223343 0
0.6812806 0.6673706 -0.3007884 0
-0.4387415 0.04334663 -0.8975673 0
2.746838 3.307053 5.241952 1

0.2187794 0.8391415 0.4979734 0
-0.3944295 0.5428372 -0.7414536 0
-0.8925028 -0.03420054 0.4497435 0
-1.503186 2.556316 3.836359 1

-0.3724223 0.8933991 0.2512767 0
0.6607921 0.4453792 -0.6041453 0
-0.6516562 -0.05895549 -0.75622 0
3.292199 2.556636 4.702873 1

0.2699666 0.06234097 -0.9608498 0
-0.01684379 0.998055 0.06002241 0
0.9627225 -1.963973E-05 0.2704915 0
0.5288021 3.002466 6.709701 1

-0.2478292 0.03484924 -0.9681771 0
0.008575246 0.9993927 0.03377789 0
0.968766 6.880611E-05 -0.2479776 0
0.7474123 3.002466 6.709701 1

0.3307082 0.2327741 -0.9145756 0
-0.1391343 0.9705401 0.1967073 0
0.9334205 0.06219611 0.3533523 0
-0.3858303 3.215042 7.277873 1

-0.7172236 0.2543692 -0.6487577 0
0.1600177 0.9662367 0.2019434 0
0.6782216 0.04102592 -0.7337112 0
1.708638 3.679217 6.705779 1

0.6603444 0.7509414 0.005687147 0
-0.7485507 0.6575982 0.08506799 0
0.06014118 -0.06043124 0.9963591 0
-1.64138 3.300305 6.232307 1

-0.5644426 0.7071615 -0.4258254 0
0.6205568 0.7036839 0.3460324 0
0.5443472 -0.06893326 -0.8360229 0
2.74088 3.18754 7.095181 1

0.4136617 0.9102195 -0.01961207 0
-0.9012483 0.4063428 -0.1504576 0
-0.1289802 0.07991381 0.988422 0
-2.301346 2.509794 6.006428 1

-0.3121273 0.9170505 0.2481834 0
0.7765472 0.396764 -0.4894415 0
-0.5473129 0.03995812 -0.835974 0
3.332287 2.564254 4.919906 1

0.2407967 0.3785087 -0.8937273 0
-0.01626042 0.9222659 0.3862144 0
0.9704396 -0.07846684 0.2282333 0
-1.606424 2.160342 3.601375 1

0.1282909 0.2404316 -0.9621509 0
-0.1105909 0.9675851 0.2270435 0
0.9855514 0.07727744 0.150722 0
3.467938 2.135056 4.584301 1

0.2796248 0.763152 -0.5825887 0
-0.3304396 0.6462194 0.6879032 0
0.9014544 0.0001556203 0.4328745 0
0.4775067 2.990621 6.892268 1

-0.2955363 0.7692176 -0.5665359 0
0.356013 0.638987 0.681873 0
0.8865176 -0.0001759455 -0.4626953 0
0.7939776 2.995918 6.891614 1

0.2427832 0.5258295 -0.8152055 0
-0.2063715 0.8491085 0.4862365 0
0.9478751 0.05018502 0.3146654 0
-0.684782 3.00462 8.104626 1

-0.430663 0.7902189 -0.4359859 0
0.5286679 0.6124067 0.5877656 0
0.7314639 0.02263719 -0.6815043 0
2.35699 3.449274 7.292239 1

0.3931318 0.9192719 0.01966767 0
-0.9147495 0.3888516 0.1096709 0
0.09316956 -0.06110606 0.9937734 0
-2.294861 2.557168 6.226679 1

-0.3635285 0.8741794 -0.3219588 0
0.7361121 0.4813654 0.475843 0
0.5709519 -0.06401522 -0.8184839 0
3.299455 2.48773 7.516581 1

-0.2622085 -0.06314309 -0.9629436 0
0.04875308 0.995716 -0.07856746 0
0.9637793 -0.06754757 -0.2580069 0
-2.47143 2.135542 6.014492 1

-0.183201 0.04309379 -0.9821306 0
-0.002812028 0.9990119 0.04435915 0
0.9830717 0.01088843 -0.1828988 0
3.460621 2.187199 4.817863 1

-0.3208096 0.9199986 0.2251312 0
0.7537889 0.3919216 -0.5274469 0
-0.5734841 0.0004912019 -0.819217 0
0.4245691 2.846144 7.002562 1

0.2819563 0.9458094 0.1610763 0
-0.8220755 0.3247223 -0.4677048 0
-0.4946645 -0.0005444735 0.8690841 0
0.8493764 2.851727 6.997812 1

0.1321687 0.7392114 -0.6603774 0
-0.1068497 0.6729646 0.7319165 0
0.9854516 -0.02617536 0.1679294 0
-0.9488399 2.432713 8.991267 1

-0.07381305 0.9850063 -0.1559308 0
0.5270149 0.1712684 0.8324196 0
0.8466445 -0.02073441 -0.5317549 0
2.825392 2.589808 7.76643 1

0.2678335 0.07067503 -0.9608698 0
0.01839656 0.9967492 0.07844195 0
0.9632895 -0.03868595 0.2656626 0
-2.453055 2.187259 6.218765 1

0.2406921 -0.0829175 -0.9670532 0
-0.0677416 0.9924797 -0.101958 0
0.9682347 0.09005029 0.2332651 0
3.445738 2.135962 7.646135 1

1 0.0007069934 -0.0004760405 0
-0.0007065741 0.9999993 0.001094297 0
0.0004768968 -0.001093984 0.9999998 0
0.4576384 2.75131 6.979355 1

0.9999999 -0.000607387 0.0004023382 0
0.000607076 0.9999995 0.0009721816 0
-0.0004028977 -0.0009717941 0.9999998 0
0.8193907 2.751141 6.980682 1

-0.1708413 -0.6555145 -0.7356046 0
0.02548542 0.7433909 -0.6683719 0
0.9849689 -0.1329327 -0.1102958 0
-1.002304 2.133693 9.258398 1

-0.2724657 -0.1913737 -0.9429415 0
0.02124605 0.9785845 -0.2047468 0
0.9619309 -0.07582027 -0.2625647 0
2.85525 2.191365 7.829505 1

0 0.2413995 -0.9704258 0
0 0.9704258 0.2413995 0
1 0 0 0
0.6381073 2.779641 5.772982 1

0 -0.00473924 -0.9999888 0
0 0.9999888 -0.00473924 0
1 0 0 0
0.6381073 2.7294 5.950024 1

0.5993668 -0.6900864 0.4056354 0
0.5196176 0.7208826 0.458613 0
-0.608898 -0.06410206 0.7906541 0
0.2254893 2.805933 5.706399 1

-0.6738541 -0.6949697 0.250875 0
-0.6748772 0.7171472 0.1738985 0
-0.3007685 -0.05212751 -0.9522718 0
1.050725 2.805932 5.706399 1

-0.01110969 -0.5994848 0.8003091 0
-0.008321341 0.8003863 0.599427 0
-0.9999037 -1.983717E-07 -0.01388056 0
0.6381073 2.955833 5.600096 1

0 0.02007632 -0.9997985 0
0 0.9997985 0.02007632 0
1 0 0 0
0.6381073 2.702958 6.135874 1

0.7610864 -0.6486499 -0.0009251982 0
0.6463498 0.7585061 -0.08306937 0
0.05458468 0.06262495 0.9965434 0
0.1671112 2.772699 5.867924 1

-0.6565205 -0.722911 0.2153623 0
-0.668268 0.6898464 0.2784422 0
-0.3498559 0.03888331 -0.9359964 0
1.109103 2.772699 5.867925 1

0.6806304 0.2153428 0.7002639 0
-0.1985143 0.9742772 -0.1066579 0
-0.7052191 -0.06641781 0.7058713 0
-0.4126122 3.540617 5.274549 1

-0.8781974 0.2665429 0.3971453 0
0.2208442 0.9624879 -0.157624 0
-0.4242612 -0.05071777 -0.9041187 0
1.768128 3.545815 5.439312 1

-0.01133038 0.1912071 0.9814845 0
0.002209105 0.9815499 -0.1911944 0
-0.9999334 1.895707E-06 -0.01154373 0
0.6469927 3.435297 4.960013 1

0 -0.3616938 -0.932297 0
0 0.932297 -0.3616938 0
1 0 0 0
0.6381073 2.720018 6.355194 1

0.6771028 -0.7352387 -0.0309148 0
0.7358862 0.676401 0.03087243 0
-0.001787901 -0.04365358 0.9990451 0
0.1311986 2.730485 6.128675 1

-0.7132552 -0.6145724 -0.3369983 0
-0.5285108 0.7873845 -0.3173358 0
0.460373 -0.04823408 -0.8864142 0
1.145016 2.730485 6.128675 1

0.9676077 0.2460881 -0.05635879 0
-0.2489526 0.9671663 -0.05110779 0
0.04193128 0.0634829 0.9971017 0
-0.6772128 3.49229 5.868951 1

-0.9112358 0.1962355 0.3621345 0
0.1964605 0.9798284 -0.03660396 0
-0.3620127 0.03779036 -0.9314072 0
1.837425 3.574672 5.629009 1

0.429431 0.6320089 0.6450999 0
-0.3961926 0.77375 -0.4943101 0
-0.8115543 -0.04331168 0.5826693 0
-1.088828 3.326671 4.578828 1

-0.6092801 0.699311 0.3738208 0
0.5638911 0.7135513 -0.4157787 0
-0.5574988 -0.04253139 -0.8290877 0
2.640625 3.281002 5.044744 1

5.565584E-06 0.2394193 -0.9709163 0
2.487097E-05 0.9709162 0.2394192 0
1 -2.548003E-05 -5.503357E-07 0
0.6586789 3.238087 3.947713 1

1 4.311726E-08 1.111385E-07 0
0 1 5.960464E-08 0
-1.192093E-07 -2.980232E-08 1 0
0.6381073 2.997141 6.620589 1

0.4420027 -0.4592466 -0.7705364 0
0.2103802 0.8881159 -0.4086448 0
0.8719941 0.01851654 0.489166 0
0.1219837 2.715131 6.355618 1

-0.447261 -0.8474343 -0.2860292 0
-0.7119126 0.5308967 -0.4597056 0
0.5414222 -0.001980558 -0.8407485 0
1.154231 2.715131 6.355618 1

0.9727998 0.2067493 -0.1044762 0
-0.1997085 0.9770583 0.07398517 0
0.1173757 -0.05110796 0.9917716 0
-0.6521935 3.581139 6.164442 1

-0.7977554 0.2462697 -0.5503978 0
0.2364994 0.9674463 0.09008791 0
0.5546661 -0.0583006 -0.8300281 0
1.970235 3.44153 6.518573 1

0.6731762 0.7388188 -0.03131701 0
-0.7390226 0.6706614 -0.06370945 0
-0.02606668 0.06603162 0.9974771 0
-1.620862 3.252295 5.923914 1

-0.6130083 0.7238194 0.316712 0
0.664993 0.6891442 -0.2878628 0
-0.426621 0.03414904 -0.9037859 0
2.726092 3.383296 5.275843 1

0.2439179 0.8370041 0.4898245 0
-0.4002444 0.5469418 -0.7352952 0
-0.8833506 -0.0166977 0.468415 0
-1.532602 2.673552 3.912181 1

-0.3656467 0.8925577 0.2638995 0
0.6496533 0.4477844 -0.6143616 0
-0.6665233 -0.05319613 -0.743584 0
3.270256 2.558333 4.658437 1

0.2702253 0.05545999 -0.9611986 0
-0.01495791 0.9984609 0.05340491 0
0.9626811 -5.375594E-05 0.2706389 0
0.5288021 3.001266 6.709701 1

-0.2479695 0.02782142 -0.9683686 0
0.006719928 0.9996129 0.02699839 0
0.9687447 0.0001874417 -0.2480605 0
0.7474123 3.001266 6.709701 1

0.341869 0.2370434 -0.9093603 0
-0.1367748 0.9699112 0.2014075 0
0.929741 0.05552264 0.3640041 0
-0.3929334 3.250136 7.253266 1

-0.7045827 0.2103759 -0.6777207 0
0.1276649 0.9770412 0.170565 0
0.6980436 0.03365608 -0.7152639 0
1.675272 3.702357 6.688831 1

0.6805041 0.7324489 -0.02080478 0
-0.7280246 0.6790656 0.09407476 0
0.08303268 -0.04887186 0.9953476 0
-1.604086 3.378833 6.266673 1

-0.5705365 0.7135125 -0.4066793 0
0.6298585 0.6979224 0.3408558 0
0.5270355 -0.06167974 -0.8476021 0
2.750846 3.200553 7.057142 1

0.4078296 0.9130418 -0.005443886 0
-0.9008234 0.4013848 -0.1655527 0
-0.1489715 0.07242119 0.9861861 0
-2.293436 2.514136 5.955203 1

-0.3409161 0.9071797 0.2465791 0
0.7721995 0.4198231 -0.4769246 0
-0.536176 0.02781697 -0.843648 0
3.338553 2.660124 4.959414 1

0.2286578 0.3708184 -0.9001162 0
0.008090585 0.9238563 0.382654 0
0.9734733 -0.0947793 0.2082469 0
-1.647702 2.278587 3.681043 1

0.1098092 0.2459815 -0.9630347 0
-0.1041974 0.9664039 0.2349609 0
0.9884763 0.07454483 0.1317506 0
3.442798 2.137151 4.533908 1

0.2800519 0.7619174 -0.5839974 0
-0.3301001 0.6476741 0.6866968 0
0.9014462 0.0004669055 0.4328913 0
0.4774575 2.990728 6.892334 1

-0.296073 0.7678969 -0.5680451 0
0.3556641 0.6405735 0.6805654 0
0.8864785 -0.0005362555 -0.46277 0
0.794004 2.996039 6.89165 1

0.2487703 0.5448543 -0.800779 0
-0.2117203 0.8373668 0.5039758 0
0.9451391 0.04416707 0.3236687 0
-0.7019743 3.035855 8.075304 1

-0.4418527 0.7584965 -0.4790085 0
0.492252 0.6513904 0.5773895 0
0.7499694 0.01932827 -0.6611901 0
2.312197 3.512183 7.301473 1

0.4155666 0.9095595 -0.002492234 0
-0.9021297 0.4125185 0.1264545 0
0.1160459 -0.05030192 0.9919693 0
-2.277517 2.653997 6.287261 1

-0.3639098 0.8805929 -0.3035221 0
0.7486899 0.4704013 0.4671041 0
0.5541057 -0.05726016 -0.8304747 0
3.315452 2.494458 7.459595 1

-0.2427474 -0.05840507 -0.96833 0
0.04358655 0.9965214 -0.07103185 0
0.9691101 -0.0594488 -0.2393575 0
-2.461123 2.138723 5.957441 1

-0.1702339 0.04153684 -0.9845281 0
-0.03109989 0.9983874 0.04749914 0
0.9849131 0.03870466 -0.1686674 0
3.478725 2.287127 4.85803 1

-0.3216791 0.9192568 0.2269132 0
0.7528827 0.3936566 -0.527449 0
-0.5741869 0.001169667 -0.8187237 0
0.4244391 2.846485 7.002895 1

0.2827689 0.9453018 0.1626247 0
-0.8214132 0.3261952 -0.4678437 0
-0.4953007 -0.001290306 0.8687211 0
0.8495034 2.852095 6.998131 1

0.1293991 0.7654738 -0.6303221 0
-0.1157192 0.6429805 0.7570901 0
0.9848172 -0.02502638 0.171781 0
-0.972544 2.443256 8.946255 1

-0.1013008 0.974822 -0.198646 0
0.4966709 0.2225644 0.838918 0
0.8620071 -0.01367863 -0.5067115 0
2.792769 2.687219 7.822457 1

0.2457822 0.05146907 -0.9679577 0
0.04436663 0.9969454 0.06427595 0
0.9683092 -0.05874274 0.2427478 0
-2.444739 2.287996 6.288264 1

0.2208345 -0.07209547 -0.9726431 0
-0.06300667 0.9941266 -0.08799325 0
0.973274 0.08071509 0.2149949 0
3.461888 2.14011 7.581731 1

0.9999977 0.001864546 -0.001331069 0
-0.001861009 0.9999945 0.002733871 0
0.001336187 -0.002731323 0.9999958 0
0.457598 2.751727 6.979505 1

0.9999985 -0.001593011 0.00113178 0
0.001590362 0.999996 0.002392128 0
-0.001135603 -0.002390221 0.9999968 0
0.8194312 2.751563 6.980836 1

-0.1620816 -0.6275678 -0.7615041 0
0.02272514 0.7691295 -0.6386889 0
0.9865155 -0.1208251 -0.1104003 0
-1.024888 2.133612 9.201228 1

-0.238489 -0.2385286 -0.9413965 0
-0.004700601 0.9696395 -0.2444939 0
0.9711338 -0.05388392 -0.2323695 0
2.833746 2.292896 7.902811 1

0 0.2413995 -0.9704258 0
0 0.9704258 0.2413995 0
1 0 0 0
0.6381073 2.777788 5.772982 1

0 -0.00473924 -0.9999888 0
0 0.9999888 -0.00473924 0
1 0 0 0
0.6381073 2.727547 5.950024 1

0.5500395 -0.7660467 0.3326095 0
0.6068224 0.6402302 0.4710328 0
-0.5737798 -0.05725171 0.8170062 0
0.2254893 2.804079 5.706399 1

-0.6679723 -0.6961688 0.262987 0
-0.6688302 0.7165524 0.1980379 0
-0.3263117 -0.04360974 -0.9442558 0
1.050725 2.804079 5.706399 1

-0.01111487 -0.5989908 0.8006788 0
-0.008314836 0.800756 0.598933 0
-0.9999036 -4.516914E-07 -0.01388081 0
0.6381073 2.953979 5.600096 1

0 0.02007632 -0.9997985 0
0 0.9997985 0.02007632 0
1 0 0 0
0.6381073 2.701105 6.135874 1

0.7529522 -0.6578981 0.01527268 0
0.6575086 0.7511383 -0.05893798 0
0.02730322 0.05441932 0.9981449 0
0.1671112 2.770845 5.867924 1

-0.6106384 -0.7696522 0.1864313 0
-0.7211219 0.6377161 0.2707427 0
-0.327268 0.03088622 -0.9444269 0
1.109103 2.770845 5.867925 1

0.7206765 0.1599751 0.6745616 0
-0.1496858 0.9859675 -0.07390767 0
-0.6769192 -0.04770872 0.7345096 0
-0.3600971 3.619632 5.352294 1

-0.8664648 0.2655552 0.4227521 0
0.2191829 0.9631662 -0.1557876 0
-0.4485507 -0.04232441 -0.8927547 0
1.761866 3.545238 5.426417 1

-0.01132623 0.1927222 0.981188 0
0.002227813 0.9812534 -0.1927093 0
-0.9999333 3.233552E-06 -0.01154325 0
0.6469969 3.433049 4.959718 1

0 -0.3616938 -0.932297 0
0 0.932297 -0.3616938 0
1 0 0 0
0.6381073 2.718164 6.355194 1

0.6218045 -0.7820826 -0.04130861 0
0.7822743 0.6227523 -0.01505595 0
0.03749996 -0.02295288 0.9990331 0
0.1311986 2.728631 6.128675 1

-0.7107379 -0.6301173 -0.3127363 0
-0.5546554 0.7754143 -0.3018112 0
0.4326767 -0.04104772 -0.9006143 0
1.145016 2.728631 6.128675 1

0.9690692 0.2452327 -0.02767151 0
-0.2463611 0.9678887 -0.04997703 0
0.01452689 0.05524828 0.9983671 0
-0.6681889 3.500695 5.850981 1

-0.9300218 0.138696 0.3403282 0
0.1401708 0.9899177 -0.02038002 0
-0.3397236 0.02875023 -0.940086 0
1.786525 3.624671 5.661104 1

0.4769205 0.608103 0.6346318 0
-0.3849045 0.7936174 -0.4711901 0
-0.7901869 -0.01955234 0.6125541 0
-1.076099 3.460695 4.682109 1

-0.5970373 0.6978651 0.3956397 0
0.5544906 0.7154005 -0.4251381 0
-0.5797298 -0.03444484 -0.8140804 0
2.622706 3.281406 5.006409 1

9.664334E-06 0.2379201 -0.9712848 0
4.359195E-05 0.9712847 0.2379202 0
1 -4.46396E-05 -9.842897E-07 0
0.6586788 3.234276 3.947723 1

1 4.311726E-08 1.111385E-07 0
0 1 5.960464E-08 0
-1.192093E-07 -2.980232E-08 1 0
0.6381073 2.995288 6.620589 1

0.4501783 -0.5030745 -0.7377369 0
0.2471214 0.8641117 -0.4384542 0
0.8580621 0.01507191 0.5133248 0
0.1219837 2.713277 6.355618 1

-0.4100295 -0.8711025 -0.2702895 0
-0.7029171 0.4906456 -0.5149509 0
0.5811913 -0.02115391 -0.813492 0
1.154231 2.713277 6.355618 1

0.9777207 0.1477333 -0.149122 0
-0.1400779 0.9882811 0.06065516 0
0.1563351 -0.03841519 0.9869568 0
-0.5882146 3.633483 6.176467 1

-0.8147874 0.246504 -0.5247451 0
0.2344126 0.9678969 0.09069946 0
0.530257 -0.04910603 -0.8464137 0
1.967323 3.457662 6.490503 1

0.6693928 0.7428799 -0.006534606 0
-0.7409487 0.6669625 -0.07846022 0
-0.05392822 0.05736241 0.9968959 0
-1.613263 3.261535 5.877967 1

-0.6547355 0.6908256 0.3067276 0
0.6379972 0.7226977 -0.2658346 0
-0.4053167 0.02164006 -0.9139205 0
2.693513 3.48941 5.329205 1

0.2845834 0.8293144 0.4808845 0
-0.4104075 0.5587288 -0.7206857 0
-0.8663591 0.007736616 0.4993618 0
-1.568949 2.832281 4.02628 1

-0.3566204 0.890959 0.2810942 0
0.6338311 0.4517754 -0.6278194 0
-0.6863527 -0.04572685 -0.7258298 0
3.239686 2.560232 4.597554 1

0.2705561 0.04605633 -0.9616021 0
-0.01237902 0.9989388 0.0443617 0
0.9626247 -9.858608E-05 0.2708392 0
0.5288021 2.999412 6.709701 1

-0.248142 0.01821932 -0.9685526 0
0.004185778 0.9998341 0.01773535 0
0.9687147 0.0003467798 -0.2481771 0
0.7474123 2.999412 6.709701 1

0.3603728 0.243266 -0.9005294 0
-0.1341254 0.9688775 0.2080553 0
0.9231153 0.0458063 0.3817852 0
-0.4024577 3.29934 7.215055 1

-0.6785502 0.150928 -0.7188813 0
0.0853008 0.988233 0.1269628 0
0.7295843 0.02482954 -0.6834399 0
1.631899 3.728076 6.670495 1

0.7117055 0.6995651 -0.06390715 0
-0.6917154 0.7137592 0.1099003 0
0.1224967 -0.03401121 0.9918861 0
-1.544922 3.488925 6.322385 1

-0.5788579 0.7214357 -0.380071 0
0.6426603 0.6905173 0.3319242 0
0.5019076 -0.05211958 -0.8633495 0
2.764599 3.216455 7.00397 1

0.400104 0.916369 0.01359296 0
-0.8992631 0.3954096 -0.1870211 0
-0.1767551 0.06260411 0.982262 0
-2.282058 2.519319 5.884496 1

-0.3875194 0.8889514 0.2441199 0
0.7638032 0.457889 -0.4549099 0
-0.5161725 0.0101732 -0.8564246 0
3.347664 2.799202 5.02275 1

0.2070592 0.3651176 -0.907643 0
0.04765725 0.922883 0.3821203 0
0.9771671 -0.1223774 0.1736908 0
-1.703238 2.440945 3.799361 1

0.08441272 0.2538909 -0.9635426 0
-0.095893 0.9645754 0.2457621 0
0.9918061 0.07165156 0.1057688 0
3.407969 2.139804 4.464911 1

0.2806459 0.760177 -0.585977 0
-0.3296172 0.6497154 0.6849982 0
0.9014381 0.0009061992 0.4329075 0
0.4773946 2.990661 6.892411 1

-0.2968145 0.766039 -0.5701627 0
0.3551704 0.6427934 0.6787276 0
0.8864285 -0.001048714 -0.4628648 0
0.7940363 2.995989 6.891685 1

0.2597829 0.5702749 -0.7792944 0
-0.2212076 0.8206856 0.5268232 0
0.9399894 0.0355262 0.3393492 0
-0.7282255 3.079434 8.029111 1

-0.4505504 0.7102635 -0.5408607 0
0.4365502 0.7037444 0.5605067 0
0.778735 0.0164237 -0.6271379 0
2.245291 3.59164 7.320345 1

0.4534476 0.8904681 -0.03810559 0
-0.8776429 0.4535511 0.1550315 0
0.1553334 -0.03685571 0.9871745 0
-2.249231 2.796631 6.385627 1

-0.3646579 0.8884385 -0.2787505 0
0.7658606 0.4564443 0.4528978 0
0.5296059 -0.04833114 -0.8468659 0
3.33744 2.502519 7.380091 1

-0.2154118 -0.05195741 -0.9751405 0
0.03711969 0.9974263 -0.06134462 0
0.9758178 -0.04941111 -0.2129289 0
-2.446568 2.142538 5.878907 1

-0.1479024 0.04146512 -0.9881327 0
-0.07738915 0.9955722 0.05336095 0
0.9859699 0.08436279 -0.1440386 0
3.506997 2.4337 4.922378 1

-0.3228185 0.9182831 0.2292266 0
0.751657 0.3959199 -0.5275035 0
-0.5751527 0.00201191 -0.8180442 0
0.4242638 2.846747 7.003346 1

0.2838343 0.9446377 0.1646151 0
-0.8205166 0.3281083 -0.468079 0
-0.4961765 -0.002212524 0.8682193 0
0.8496748 2.852394 6.998563 1

0.1277888 0.7986039 -0.5881342 0
-0.130973 0.6013906 0.7881469 0
0.9831156 -0.02368664 0.1814466 0
-1.010773 2.459187 8.876694 1

-0.1361889 0.9555783 -0.261387 0
0.4460702 0.2947341 0.8450759 0
0.8845755 -0.001506969 -0.4663943 0
2.735323 2.819137 7.908601 1

0.2069049 0.02276786 -0.9780963 0
0.08943522 0.9951034 0.04208265 0
0.9742649 -0.09618352 0.2038555 0
-2.431695 2.438312 6.400961 1

0.1922879 -0.05805923 -0.9796197 0
-0.05672517 0.9959216 -0.07015991 0
0.9796978 0.0690601 0.1882102 0
3.484177 2.145015 7.492259 1

0.9999916 0.00340086 -0.00250248 0
-0.003388868 0.9999829 0.004842058 0
0.002519012 -0.00483346 0.9999857 0
0.4575401 2.75209 6.979717 1

0.9999937 -0.002897544 0.002133689 0
0.002888642 0.999987 0.004199162 0
-0.002145693 -0.004192978 0.9999893 0
0.8194894 2.751932 6.981056 1

-0.1469165 -0.5886643 -0.7949151 0
0.02117792 0.8015794 -0.5975134 0
0.9889221 -0.1046193 -0.1052985 0
-1.062465 2.136141 9.114602 1

-0.1829022 -0.3041502 -0.9349008 0
-0.0374068 0.9524066 -0.3025272 0
0.9824191 -0.02036122 -0.1855745 0
2.790412 2.432598 8.014335 1

0 0.2413995 -0.9704258 0
0 0.9704258 0.2413995 0
1 0 0 0
0.6381073 2.775401 5.772982 1

0 -0.00473924 -0.9999888 0
0 0.9999888 -0.00473924 0
1 0 0 0
0.6381073 2.72516 5.950024 1

0.4910704 -0.8330388 0.2547477 0
0.6911644 0.5505915 0.4681249 0
-0.5302281 -0.05380972 0.8461459 0
0.2254893 2.801692 5.706399 1

-0.6611761 -0.6966537 0.2784246 0
-0.6596097 0.716612 0.2266766 0
-0.3574375 -0.03377829 -0.9333262 0
1.050725 2.801692 5.706399 1

-0.01112094 -0.5984088 0.801114 0
-0.008307204 0.801191 0.5983511 0
-0.9999039 -7.899944E-07 -0.0138811 0
0.6381073 2.951592 5.600096 1

0 0.02007632 -0.9997985 0
0 0.9997985 0.02007632 0
1 0 0 0
0.6381073 2.698718 6.135874 1

0.7435112 -0.6678063 0.03501135 0
0.668688 0.7429914 -0.0286379 0
-0.006888509 0.04470429 0.9989765 0
0.1671112 2.768458 5.867924 1

-0.5598855 -0.8140178 0.1546072 0
-0.7731236 0.5803552 0.2558666 0
-0.2980071 0.02372557 -0.9542689 0
1.109103 2.768458 5.867925 1

0.7626382 0.09926522 0.6391632 0
-0.09630626 0.9945657 -0.03955026 0
-0.6396158 -0.03139283 0.7680537 0
-0.2973171 3.688567 5.435188 1

-0.8511244 0.2642845 0.4535872 0
0.2171978 0.9638935 -0.1540608 0
-0.4779255 -0.03260678 -0.8777952 0
1.75463 3.543367 5.409982 1

-0.0113213 0.1945035 0.9808366 0
0.002249771 0.9809019 -0.1944907 0
-0.9999337 4.770467E-06 -0.01154268 0
0.6470017 3.430196 4.95937 1

0 -0.3616938 -0.932297 0
0 0.932297 -0.3616938 0
1 0 0 0
0.6381073 2.715777 6.355194 1

0.5613444 -0.8258872 -0.05294497 0
0.8228362 0.5638234 -0.07102066 0
0.08850658 -0.003698155 0.9960689 0
0.1311986 2.726244 6.128675 1

-0.7079105 -0.6469959 -0.2833003 0
-0.5843135 0.7618018 -0.2797067 0
0.3967877 -0.03247106 -0.917336 0
1.145016 2.726244 6.128675 1

0.96965 0.2443639 0.008080497 0
-0.243695 0.9686151 -0.04896258 0
-0.01979155 0.04550737 0.998768 0
-0.6577154 3.5093 5.829084 1

-0.9471949 0.07682029 0.311321 0
0.07936895 0.9968352 -0.00449501 0
-0.310681 0.02045166 -0.9502943 0
1.730221 3.671502 5.696408 1

0.5298751 0.5799995 0.618735 0
-0.3746178 0.8146119 -0.4427969 0
-0.7608508 0.002837911 0.6489208 0
-1.055008 3.589945 4.800171 1

-0.5816143 0.6956565 0.4216481 0
0.5424907 0.7179412 -0.4361936 0
-0.6061592 -0.02495618 -0.7949519 0
2.60023 3.280798 4.959339 1

1.443177E-05 0.2361564 -0.9717152 0
6.55842E-05 0.971715 0.2361563 0
1 -6.713703E-05 -1.460642E-06 0
0.6586785 3.229586 3.947738 1

1 4.311726E-08 1.111385E-07 0
0 1 5.960464E-08 0
-1.192093E-07 -2.980232E-08 1 0
0.6381073 2.992901 6.620589 1

0.4591816 -0.5544592 -0.6940658 0
0.2952556 0.8321432 -0.4694272 0
0.8378403 0.01062553 0.545812 0
0.1219837 2.71089 6.355618 1

-0.3751074 -0.8896691 -0.260353 0
-0.6819502 0.4550859 -0.5725738 0
0.627884 -0.03722887 -0.777416 0
1.154231 2.71089 6.355618 1

0.9756001 0.08369105 -0.202979 0
-0.07628328 0.9961122 0.04406326 0
0.2058775 -0.02750438 0.9781913 0
-0.5182638 3.681777 6.18993 1

-0.83526 0.2469803 -0.4912653 0
0.2327541 0.9682639 0.09105435 0
0.498163 -0.03828993 -0.8662376 0
1.964052 3.474803 6.456446 1

0.6640369 0.7473217 0.0237761 0
-0.7424231 0.6627885 -0.09756723 0
-0.08867261 0.04713632 0.9949449 0
-1.603356 3.270987 5.821203 1

-0.6993974 0.6525989 0.2914753 0
0.6071506 0.7576442 -0.2394656 0
-0.3771096 0.009487763 -0.9261201 0
2.653957 3.596584 5.392798 1

0.3302774 0.8187488 0.4696459 0
-0.4255978 0.5732949 -0.7001428 0
-0.8424866 0.03136116 0.5378041 0
-1.602582 2.990573 4.16077 1

-0.3455414 0.8885738 0.3017249 0
0.6138995 0.4572295 -0.6434819 0
-0.7097385 -0.03712089 -0.7034867 0
3.201271 2.561906 4.523607 1

0.2709248 0.03463665 -0.9619772 0
-0.009244788 0.9994001 0.03338043 0
0.9625562 -0.0001502633 0.2710825 0
0.5288021 2.997025 6.709701 1

-0.24832 0.006561756 -0.9686561 0
0.001108731 0.9999784 0.006489784 0
0.9686776 0.0005376004 -0.2483219 0
0.7474123 2.997025 6.709701 1

0.3870364 0.2519199 -0.8869832 0
-0.1327402 0.9671562 0.2167691 0
0.9124598 0.03384082 0.4077646 0
-0.4129462 3.356815 7.16418 1

-0.6415757 0.08981583 -0.7617834 0
0.04413721 0.9957985 0.08023414 0
0.7657889 0.01785333 -0.6428442 0
1.591216 3.747318 6.658919 1

0.7420636 0.6601626 -0.1163061 0
-0.6476652 0.7508351 0.1295262 0
0.1728349 -0.0207895 0.9847316 0
-1.472897 3.599885 6.388547 1

-0.5886043 0.7303049 -0.3466988 0
0.6585056 0.6818972 0.3184131 0
0.4689515 -0.04088368 -0.8822773 0
2.781361 3.233131 6.937153 1

0.390482 0.9198937 0.03632578 0
-0.8960534 0.3888228 -0.214254 0
-0.2112152 0.05111249 0.9761024 0
-2.2668 2.524333 5.797449 1

-0.4387366 0.8664075 0.2384288 0
0.7537544 0.4992775 -0.4272897 0
-0.4892492 -0.007750839 -0.8721098 0
3.35273 2.944568 5.101583 1

0.1768642 0.3622903 -0.9151313 0
0.09203371 0.9196275 0.3818574 0
0.979923 -0.1517599 0.1293062 0
-1.758432 2.604223 3.939154 1

0.05344608 0.2637062 -0.9631215 0
-0.08596262 0.9621345 0.2586656 0
0.994864 0.06896785 0.07409114 0
3.364326 2.142604 4.381228 1

0.2813706 0.7580341 -0.5884005 0
-0.3290205 0.6522136 0.6829079 0
0.9014301 0.001445673 0.4329225 0
0.4773246 2.990444 6.892482 1

-0.2977165 0.7637527 -0.5727539 0
0.3545617 0.6455069 0.6764668 0
0.8863697 -0.001681261 -0.4629756 0
0.7940698 2.995792 6.891704 1

0.2758799 0.6013002 -0.7498857 0
-0.237152 0.7986246 0.5531344 0
0.9314769 0.02523825 0.3629241 0
-0.7628174 3.129086 7.965991 1

-0.4522914 0.6518937 -0.6086603 0
0.3715537 0.758137 0.5358886 0
0.8107901 0.01622783 -0.5851122 0
2.171184 3.666127 7.347551 1

0.4933742 0.8660246 -0.08113743 0
-0.8452477 0.4993619 0.1902493 0
0.2052774 -0.02528307 0.9783775 0
-2.207247 2.946584 6.503644 1

-0.3653413 0.8970051 -0.2488126 0
0.7868381 0.4403996 0.4323587 0
0.4974049 -0.03781666 -0.8666939 0
3.363847 2.510417 7.280249 1

-0.1810483 -0.04421055 -0.9824802 0
0.02953646 0.9982941 -0.05036482 0
0.9830308 -0.0381373 -0.1794337 0
-2.427353 2.146103 5.782513 1

-0.1190929 0.04295066 -0.9919538 0
-0.1285453 0.9899886 0.05829869 0
0.984527 0.134454 -0.1123794 0
3.533121 2.588336 5.003551 1

-0.3241717 0.9171143 0.2319794 0
0.7501706 0.3986136 -0.5275903 0
-0.5763306 0.002994254 -0.8172114 0
0.4240565 2.846936 7.003876 1

0.2851022 0.9438415 0.1669741 0
-0.8194289 0.3303828 -0.4683842 0
-0.4972458 -0.003285989 0.8676038 0
0.8498774 2.852626 6.999068 1

0.1268665 0.8356153 -0.5344643 0
-0.1549665 0.5488988 0.8213985 0
0.9797398 -0.02138396 0.1991293 0
-1.062872 2.475095 8.781588 1

-0.1701225 0.9270524 -0.3341144 0
0.3829533 0.374603 0.8444048 0
0.9079675 0.01570203 -0.4187462 0
2.66311 2.957108 8.009548 1

0.1558278 -0.006535962 -0.9877628 0
0.1395961 0.9900877 0.01547092 0
0.9778708 -0.1402987 0.1551954 0
-2.405778 2.598101 6.536294 1

0.155327 -0.04175852 -0.9869803 0
-0.04879507 0.9975625 -0.04988539 0
0.9866573 0.05590842 0.1529107 0
3.510859 2.149465 7.38037 1

0.9999788 0.00524418 -0.003926941 0
-0.005215333 0.9999596 0.007341951 0
0.003965348 -0.007321239 0.9999656 0
0.4574723 2.752399 6.979964 1

0.9999846 -0.00446177 0.003352738 0
0.004440472 0.9999703 0.006332278 0
-0.003381014 -0.006317198 0.9999746 0
0.819557 2.752249 6.98131 1

-0.1229049 -0.5396279 -0.8328842 0
0.02042016 0.8376943 -0.5457577 0
0.9922084 -0.08408387 -0.09193742 0
-1.114191 2.137077 8.997786 1

-0.115078 -0.375591 -0.9196133 0
-0.06918085 0.9265461 -0.3697655 0
0.9909446 0.02106773 -0.1326087 0
2.731925 2.582108 8.144701 1

0 0.2413995 -0.9704258 0
0 0.9704258 0.2413995 0
1 0 0 0
0.6381073 2.772601 5.772982 1

0 -0.00473924 -0.9999888 0
0 0.9999888 -0.00473924 0
1 0 0 0
0.6381073 2.72236 5.950024 1

0.4358714 -0.8804957 0.1863973 0
0.7593033 0.470945 0.4490762 0
-0.4831926 -0.05420753 0.8738346 0
0.2254893 2.798892 5.706399 1

-0.6538741 -0.6959025 0.296932 0
-0.6466906 0.7177595 0.258094 0
-0.3927339 -0.0232621 -0.919358 0
1.050725 2.798892 5.706399 1

-0.0111277 -0.5977571 0.8016 0
-0.008298678 0.8016772 0.5976995 0
-0.9999037 -1.198612E-06 -0.01388142 0
0.6381073 2.948792 5.600096 1

0 0.02007632 -0.9997985 0
0 0.9997985 0.02007632 0
1 0 0 0
0.6381073 2.695918 6.135874 1

0.733454 -0.6772983 0.05755436 0
0.6781123 0.7349256 0.006943494 0
-0.047001 0.03393555 0.9983184 0
0.1671112 2.765658 5.867924 1

-0.512064 -0.8499933 0.1237011 0
-0.8175116 0.5264715 0.2334579 0
-0.2635628 0.01841833 -0.9644665 0
1.109103 2.765658 5.867925 1

0.8006201 0.04225203 0.597681 0
-0.04582924 0.9989069 -0.009226024 0
-0.5974175 -0.02000485 0.8016811 0
-0.2385508 3.73629 5.507956 1

-0.8322847 0.2628292 0.4880812 0
0.2150414 0.964588 -0.1527334 0
-0.51094 -0.02215996 -0.8593308 0
1.746857 3.539767 5.390278 1

-0.01131576 0.1964939 0.9804398 0
0.002274279 0.980505 -0.1964807 0
-0.9999334 6.464077E-06 -0.01154204 0
0.6470072 3.426875 4.958981 1

0 -0.3616938 -0.932297 0
0 0.932297 -0.3616938 0
1 0 0 0
0.6381073 2.712977 6.355194 1

0.5066737 -0.8596982 -0.06481557 0
0.8499069 0.5106906 -0.1298211 0
0.1447076 0.01068971 0.9894169 0
0.1311986 2.723444 6.128675 1

-0.705151 -0.6635565 -0.2499101 0
-0.6149718 0.747779 -0.2502723 0
0.3529472 -0.02279209 -0.9353656 0
1.145016 2.723444 6.128675 1

0.9685659 0.243725 0.04978414 0
-0.2414107 0.9692232 -0.04824542 0
-0.06001058 0.03471038 0.9975943 0
-0.6465584 3.51703 5.804075 1

-0.9608022 0.01924272 0.2765662 0
0.0223982 0.999715 0.008254528 0
-0.2763287 0.01412557 -0.9609594 0
1.67717 3.708612 5.730695 1

0.5805872 0.5524679 0.5980784 0
-0.3672319 0.8332873 -0.4132476 0
-0.7266771 0.0202927 0.6866798 0
-1.033977 3.694313 4.914152 1

-0.5633267 0.6926578 0.4504314 0
0.5282513 0.7211193 -0.4482611 0
-0.6353061 -0.01457644 -0.7721229 0
2.573739 3.278644 4.905365 1

1.971237E-05 0.2341839 -0.9721923 0
9.015109E-05 0.9721923 0.2341839 0
1 -9.22592E-05 -1.946908E-06 0
0.6586782 3.224212 3.947759 1

1 4.311726E-08 1.111385E-07 0
0 1 5.960464E-08 0
-1.192093E-07 -2.980232E-08 1 0
0.6381073 2.990101 6.620589 1

0.4673037 -0.6062206 -0.6435245 0
0.3502142 0.7952748 -0.4948617 0
0.8117741 0.005879298 0.5839419 0
0.1219837 2.70809 6.355618 1

-0.3485994 -0.9002023 -0.2609872 0
-0.6508189 0.4328645 -0.6237493 0
0.6744726 -0.04758318 -0.736765 0
1.154231 2.70809 6.355618 1

0.9655149 0.02538365 -0.2591078 0
-0.01923344 0.9994707 0.02624437 0
0.2596368 -0.02035587 0.965492 0
-0.455011 3.718095 6.203664 1

-0.8579385 0.2478787 -0.4499974 0
0.2320677 0.9684328 0.09100926 0
0.4583514 -0.0263495 -0.8883804 0
1.960859 3.491163 6.417814 1

0.6567749 0.7518189 0.05844121 0
-0.7429369 0.6583956 -0.1206664 0
-0.1291967 0.03583248 0.9909716 0
-1.591142 3.27934 5.755524 1

-0.7415608 0.6138471 0.2707014 0
0.5763912 0.7894248 -0.2111442 0
-0.3433087 -0.0005463064 -0.9392226 0
2.614176 3.689846 5.460978 1

0.3740026 0.8074718 0.4561925 0
-0.4441774 0.5877608 -0.6761983 0
-0.814143 0.05026941 0.5784847 0
-1.633956 3.123392 4.296098 1

-0.3326249 0.8853899 0.3247239 0
0.5905172 0.4640132 -0.6602891 0
-0.7352891 -0.02787352 -0.6771801 0
3.155881 2.56285 4.439888 1

0.271298 0.02171004 -0.9622507 0
-0.005693704 0.9997644 0.02095112 0
0.9624787 -0.0002051815 0.2713577 0
0.5288021 2.994225 6.709701 1

-0.2484792 -0.006629646 -0.9686147 0
-0.002374526 0.9999778 -0.006235123 0
0.9686345 0.0007507391 -0.2484893 0
0.7474123 2.994225 6.709701 1

0.42042 0.2617137 -0.8687654 0
-0.1337863 0.9649118 0.2259348 0
0.897412 0.02124145 0.4406819 0
-0.4224081 3.414315 7.105301 1

