MeshAnim
1
35
100
24
1 -3.481491E-08 -2.397281E-07 0
-2.875957E-09 -0.991255 0.1319599 0
-2.421178E-07 -0.131901 -0.9908128 0
0.0009515884 0.1535123 -0.01991409 1

1 0 0 0
0 0.9999999 0 0
0 0 0.9999999 0
0.0009515882 0.001014061 -0.0002632955 1

1 3.981084E-06 4.287173E-06 0
-5.732835E-06 0.5189003 0.854397 0
1.17725E-06 -0.8548257 0.5187766 0
0.0009515882 0.07343276 -0.009253566 1

1 3.709955E-10 -1.007351E-09 0
-4.855991E-10 -0.5007191 -0.8636814 0
-7.434764E-10 0.8652267 -0.5012501 0
0.0009515882 0.07343276 -0.009253566 1

0.4436001 -0.08994672 -0.8912984 0
-0.8925149 0.04609918 -0.4484645 0
0.08146241 0.9948714 -0.05991949 0
-0.05205313 0.06253912 0.04534094 1

0.4429925 0.08679985 0.891912 0
0.8929409 0.04619369 -0.4476069 0
-0.08008872 0.9951469 -0.05713531 0
0.05395599 0.06253964 0.04534133 1

-0.998427 0.0229716 -0.05113066 0
0.003600873 0.9366053 0.3500851 0
0.05595623 0.3496102 -0.9348528 0
0.0009511355 0.114413 0.0582226 1

-0.02538013 0.9855521 0.164076 0
-0.9916958 -0.04569673 0.1200949 0
0.1260761 -0.1610456 0.9776777 0
-0.0224392 0.0331239 -0.08350665 1

-0.02537977 -0.985552 -0.1640759 0
0.9916957 -0.04569652 0.1200952 0
-0.1260764 -0.1610457 0.9776776 0
0.02434237 0.0331239 -0.08350665 1

-0.02613077 0.6609113 0.7495986 0
-0.07669723 -0.749369 0.6574883 0
0.9967121 -0.04033699 0.07024615 0
-0.1048138 0.06526426 0.01883013 1

-0.02639969 -0.6587244 -0.7515103 0
0.07516298 -0.7513523 0.6554012 0
-0.9968218 -0.03920849 0.06932222 0
0.1067418 0.06527035 0.01888124 1

0.1761476 -0.0008806213 0.0005399144 0
-0.0005016597 0.007579868 0.1759088 0
-0.0009030487 -0.1759839 0.007594577 0
0.0008960569 0.1118908 0.07171377 1

0.5855601 -0.3412772 0.7350051 0
-0.7805745 -0.4820797 0.3977503 0
0.2186856 -0.8069161 -0.5483479 0
-0.03362597 0.1425314 0.08948005 1

0.06275854 0.4083867 -0.9102964 0
-0.9518089 0.2989493 0.06840802 0
0.3002035 0.8624585 0.4071913 0
-0.03435773 0.1453936 0.090087 1

0.2304015 -0.4795363 0.8464181 0
-0.9621077 0.01813687 0.2719457 0
-0.1458244 -0.877326 -0.4568869 0
-0.02234302 0.1440566 0.08638708 1

0.5910482 0.3357692 -0.733148 0
0.7748851 -0.488937 0.4004948 0
-0.2240893 -0.8050992 -0.5488369 0
0.03464273 0.1421907 0.08968908 1

0.05170534 -0.4065883 0.9117936 0
0.9543368 0.2892101 0.07475363 0
-0.2942252 0.8666186 0.4027007 0
0.03539928 0.1450455 0.0903006 1

0.240358 0.4771873 -0.8449766 0
0.9605563 0.008542429 0.277833 0
0.1398589 -0.8787513 -0.4560123 0
0.03132159 0.1437888 0.08655139 1

0.9999831 -0.004989007 0.003061326 0
-0.005436148 -0.5974098 0.8016326 0
-0.002171464 -0.8019108 -0.5970756 0
0.000934551 0.1469265 0.1165826 1

0.9796872 0.1685203 0.1086258 0
-0.005958045 -0.5173157 0.8554574 0
0.2004452 -0.8390294 -0.5054871 0
0.0009195703 0.1071447 0.05668768 1

0.9999833 -0.00498988 0.003054563 0
-0.004857747 -0.9991047 -0.04170422 0
0.003261361 0.04182355 -0.9986855 0
0.00472472 0.09912504 0.09532732 1

0.4737702 -0.4329879 0.7662296 0
0.8256489 -0.08438622 -0.5569462 0
0.3063414 0.8970714 0.3160691 0
-0.1088094 0.02914402 -0.07304718 1

0.4737696 0.4329895 -0.7662294 0
-0.8256486 -0.08438827 -0.5569468 0
-0.3063441 0.8970706 0.3160689 0
0.1107126 0.02914403 -0.07304715 1

-0.6655988 0.7245858 -0.1787391 0
-0.411585 -0.1566135 0.8974383 0
0.6225561 0.6711425 0.4022188 0
-0.1103528 0.01114557 0.06631327 1

-0.6667087 -0.7242067 0.1761232 0
0.4106443 -0.1597338 0.8973203 0
-0.6219894 0.6708167 0.4036351 0
0.11217 0.01100845 0.06621365 1

0.1761437 -0.001557098 0.0002174405 0
-0.0001538418 0.007165244 0.1759269 0
-0.001564663 -0.1759966 0.007181122 0
0.0008775059 0.1121711 0.07821879 1

0.9807279 -0.1697166 -0.09673637 0
-0.09108291 0.04116526 -0.994561 0
0.1728528 0.9846252 0.02478782 0
-0.04430834 0.135934 0.09492335 1

-0.872324 0.1115419 0.4758139 0
0.4885531 0.2370511 0.8393199 0
-0.01918154 0.965065 -0.2612795 0
-0.04430834 0.135934 0.09492335 1

-0.1906115 0.08521406 -0.9775413 0
-0.9809363 -0.05493376 0.1863293 0
-0.03783908 0.9948394 0.0939036 0
-0.04430834 0.135934 0.09492335 1

0.9867424 0.1594388 0.03029058 0
0.07156355 -0.2597421 -0.9625698 0
-0.1456681 0.952417 -0.2677044 0
-0.04575462 0.1489732 0.09090611 1

-0.9494921 -0.01029893 0.3134876 0
0.3137899 -0.0356192 0.9484128 0
0.00139934 0.9993046 0.03691898 0
-0.04575462 0.1489732 0.09090611 1

-0.05748359 0.04884876 -0.9967193 0
-0.9534013 0.2936268 0.06928133 0
0.2961801 0.9546632 0.02956938 0
-0.04575462 0.1489732 0.09090611 1

0.9818835 0.1609394 0.0999577 0
0.09476531 0.04002304 -0.9942639 0
-0.16409 0.986145 0.02392055 0
0.04524723 0.1354994 0.09516996 1

-0.8716983 -0.1038632 -0.4786885 0
-0.4892024 0.241699 0.8376154 0
0.02871394 0.9647691 -0.2614988 0
0.04524723 0.1354994 0.09516996 1

-0.1938441 -0.08103666 0.9772608 0
0.9799125 -0.06361777 0.188938 0
0.04688113 0.9946713 0.09158466 0
0.04524723 0.1354994 0.09516996 1

0.9852248 -0.1697784 -0.0224945 0
-0.06708504 -0.26155 -0.9624025 0
0.1575821 0.9501321 -0.2690704 0
0.04682644 0.1485084 0.09119569 1

-0.9469678 0.01934237 -0.3206081 0
-0.3212102 -0.02982219 0.9461269 0
0.008742921 0.9993603 0.03432181 0
0.04682644 0.1485084 0.09119569 1

-0.06546818 -0.04590178 0.9963668 0
0.9559913 0.283422 0.07577316 0
-0.2859981 0.9578878 0.02520363 0
0.04682644 0.1485084 0.09119569 1

0.6685334 0.02434113 -0.742961 0
-0.7269746 -0.1892758 -0.659751 0
-0.1567536 0.9816143 -0.1089097 0
0.0008092226 0.1331535 0.1350639 1

0.663692 -0.03098647 0.7470399 0
0.7290793 -0.196539 -0.6552927 0
0.1672025 0.9799984 -0.1079179 0
0.0008092226 0.1331535 0.1350639 1

-0.9784876 -0.1385939 0.15277 0
0.005288213 0.7236443 0.6897594 0
-0.2062397 0.6761029 -0.7071186 0
0.0006374283 0.0826474 0.09719754 1

0.05989143 -0.08408401 -0.9931555 0
-0.938915 -0.3429344 -0.02706368 0
-0.3388992 0.9352344 -0.100534 0
-0.02652494 0.02073405 -0.1285526 1

0.0598905 0.08408388 0.9931557 0
0.938916 -0.3429318 -0.0270629 0
0.3388969 0.9352354 -0.1005337 0
0.02842817 0.02073389 -0.1285526 1

0.9999833 -0.004989941 0.003062062 0
0.004850495 0.9990132 0.04383857 0
-0.003279143 -0.0439589 0.9985954 0
0.0004340882 -0.0326413 -0.01252485 1

0.9999833 -0.004989954 0.003062027 0
0.004850547 0.9990132 0.04383875 0
-0.003279252 -0.04395915 0.9985955 0
-0.001235215 -0.03263302 -0.01253002 1

-0.8130848 0.10159 -0.5729728 0
-0.5703195 0.05845028 0.8189744 0
0.1167423 0.9931 0.0102934 0
-0.1250137 0.006854827 0.08170372 1

-0.973996 0.1319973 -0.1840776 0
-0.1829771 0.02101146 0.9824589 0
0.1336095 0.9910195 0.003570272 0
-0.1160753 0.008629793 0.0850223 1

-0.9821389 0.1059259 0.1554273 0
0.1425651 -0.1204337 0.9820143 0
0.1227944 0.9870461 0.1030216 0
-0.1095321 0.008614475 0.08510312 1

-0.4596449 -0.07579819 0.8844828 0
0.8429188 -0.350988 0.4076531 0
0.2796684 0.9332988 0.2250157 0
-0.106147 0.008438014 0.08184061 1

-0.8136861 -0.102147 0.5720206 0
0.5697291 0.05534188 0.8196011 0
-0.1154278 0.9932212 0.01304349 0
0.1268126 0.006654019 0.08160363 1

-0.9743205 -0.1312254 0.1829091 0
0.1822039 0.01795146 0.9826638 0
-0.1322928 0.9911826 0.006300675 0
0.1178739 0.008431414 0.08492003 1

-0.9821521 -0.10417 -0.1565265 0
-0.1435259 -0.1230574 0.9815503 0
-0.1215637 0.9869097 0.105749 0
0.1113307 0.008424589 0.08499551 1

-0.4588221 0.07894649 -0.8846353 0
-0.8437178 -0.3510301 0.4059625 0
-0.2786082 0.9330221 0.2274619 0
0.107948 0.008262017 0.08172978 1

0.1761437 -0.001557139 0.000217462 0
-0.0001299411 0.009852747 0.1757966 0
-0.001566871 -0.1758666 0.009867541 0
0.0008718169 0.1124361 0.08472446 1

0.9608015 -0.1271985 0.2462442 0
0.2772276 0.4490678 -0.8490804 0
-0.002579756 0.884389 0.4664233 0
-0.04509019 0.1362873 0.08638605 1

-0.7298869 0.5566236 0.3965369 0
0.6835616 0.5969988 0.4196645 0
-0.00313847 0.577709 -0.8159434 0
-0.04058987 0.1377382 0.1013116 1

0.9355126 0.2547477 0.2446482 0
0.348386 -0.5500938 -0.7585624 0
-0.05868878 0.7952894 -0.6032033 0
-0.04527796 0.1472431 0.08449475 1

-0.6835626 -0.2523318 0.684617 0
0.7121382 -0.4362695 0.5498335 0
0.1600086 0.8637028 0.4776056 0
-0.04281917 0.1486399 0.09977831 1

0.9627205 0.1184903 -0.2430749 0
-0.2703522 0.4512618 -0.8501328 0
0.008961901 0.8844817 0.4661683 0
0.0460607 0.135843 0.08663519 1

-0.7335271 -0.5501791 -0.3988056 0
-0.6795713 0.603246 0.4172053 0
0.0110451 0.5773923 -0.8160988 0
0.04152381 0.1373391 0.1015452 1

0.9346046 -0.2651205 -0.236982 0
-0.3484336 -0.5484602 -0.7597215 0
0.07147451 0.7930237 -0.6048026 0
0.04637961 0.1467663 0.08478545 1

-0.6757685 0.2576043 -0.6903622 0
-0.7207292 -0.4273674 0.5456164 0
-0.1545543 0.866592 0.4741586 0
0.04382159 0.1482295 0.1000465 1

0.902132 0.0131338 -0.4310731 0
-0.4021359 -0.3366068 -0.8510457 0
-0.1563494 0.9415454 -0.2983639 0
-0.02568576 0.1262552 0.1110189 1

0.8992975 -0.02211956 0.4365889 0
0.4039655 -0.3406281 -0.8485773 0
0.1675595 0.9399297 -0.2973723 0
0.02738091 0.1259905 0.1111815 1

0.6405074 -0.1591592 -0.7509299 0
-0.7677283 -0.1090754 -0.6311343 0
0.01855114 0.981201 -0.1920872 0
0.00502386 0.1255397 0.1381223 1

0.9999598 -0.008851552 0.001613818 0
-0.0003636645 -0.2189394 -0.975285 0
0.008990097 0.975691 -0.2189542 0
0.0009511356 0.1255758 0.1381157 1

0.6407943 0.1478237 0.7529987 0
0.7677128 -0.1226595 -0.628655 0
-0.0005679636 0.9813701 -0.1921181 0
0.004805084 0.1255417 0.138122 1

-0.7299528 0.1000493 -0.6753054 0
-0.6805509 -0.01465422 0.7315446 0
0.06340456 0.9945415 0.07747365 0
-0.06895719 0.002204418 -0.1202496 1

-0.5726954 0.01017383 -0.8185678 0
-0.8196473 0.01010691 0.5719637 0
0.01411688 0.9995658 0.001314547 0
-0.0769494 0.00631015 -0.1234859 1

-0.3401111 -0.01419379 -0.9389413 0
-0.9401848 0.02579715 0.339179 0
0.01944163 0.9992349 -0.02332802 0
-0.08287945 0.003642722 -0.1278595 1

-0.04988434 -0.06035051 -0.9954554 0
-0.9974699 0.05362199 0.04653163 0
0.05065816 0.9964035 -0.06403493 0
-0.08382098 0.003954782 -0.1323686 1

0.462478 -0.09500942 -0.8801683 0
-0.8839824 0.0273639 -0.4660981 0
0.06848755 0.9947672 -0.07248253 0
-0.07524209 0.00315663 -0.1391012 1

-0.7295362 -0.1009936 0.6756153 0
0.6809523 -0.01489675 0.7311674 0
-0.06388953 0.9944425 0.07832655 0
0.07086047 0.002204344 -0.1202496 1

-0.572696 -0.01017559 0.8185672 0
0.8196469 0.01010896 0.5719643 0
-0.01411946 0.9995658 0.001314539 0
0.07885265 0.006310105 -0.123486 1

-0.340112 0.01419243 0.9389409 0
0.9401846 0.02579958 0.3391798 0
-0.01944426 0.999235 -0.02332795 0
0.0847827 0.003642693 -0.1278596 1

-0.04988524 0.06035011 0.9954553 0
0.99747 0.05362471 0.04653243 0
-0.05066071 0.9964035 -0.06403496 0
0.08572425 0.003954752 -0.1323686 1

0.462477 0.09501046 0.8801689 0
0.8839827 0.02736647 -0.4660973 0
-0.06849004 0.9947672 -0.0724825 0
0.07714535 0.003156586 -0.1391012 1

-0.8690383 0.1090847 -0.4823701 0
-0.4900365 -0.05554469 0.8695552 0
0.06809254 0.9924717 0.1015665 0
-0.1290526 0.007268766 0.08750356 1

-0.9604619 0.1326549 -0.2446847 0
-0.2698011 -0.2265163 0.9355093 0
0.06870576 0.9649236 0.2531288 0
-0.1191155 0.0089789 0.1013462 1

-0.9718049 0.1489897 0.1826509 0
0.1547972 -0.1814896 0.9707281 0
0.1778572 0.972033 0.15313 0
-0.1073377 0.006760758 0.1002183 1

-0.4235544 0.1075435 0.899057 0
0.8684572 -0.2342022 0.4367917 0
0.2576505 0.9662135 0.005685271 0
-0.0934421 0.003147717 0.08798498 1

-0.8695758 -0.1093074 0.4813513 0
0.489253 -0.05869045 0.8697903 0
-0.06685347 0.9922664 0.1043538 0
0.1308474 0.007045949 0.08740792 1

-0.9608368 -0.1320745 0.243525 0
0.2687365 -0.2295563 0.9350762 0
-0.06762709 0.964285 0.2558363 0
0.1209013 0.008729648 0.1012474 1

-0.9718532 -0.1471691 -0.1838651 0
-0.1558302 -0.1840645 0.9700792 0
-0.1766872 0.9718266 0.1557694 0
0.1091215 0.00653049 0.1001035 1

-0.422964 -0.1044006 -0.8997055 0
-0.8691241 -0.2342944 0.4354149 0
-0.2563676 0.9665357 0.008244355 0
0.09523104 0.002971078 0.08784866 1

0.1761437 -0.001557139 0.000217462 0
-0.0001299411 0.009852757 0.1757966 0
-0.001566872 -0.1758666 0.009867552 0
0.0008647922 0.1129688 0.09422795 1

0.8481549 0.1173554 -0.5163735 0
-0.4922074 -0.1859794 -0.8499837 0
-0.1958725 0.975512 -0.1000477 0
-0.01846411 0.1222027 0.1188134 1

0.9083756 -0.1594317 0.3864174 0
0.3519449 -0.2077114 -0.9122585 0
0.2258068 0.9651021 -0.132625 0
0.02829257 0.121789 0.1188888 1

-0.7238334 0.1287758 -0.6770508 0
-0.6848888 -0.01507061 0.7274882 0
0.08362449 0.9912249 0.09777617 0
-0.08370726 0.001886802 -0.1043943 1

-0.5645375 0.09930755 -0.8183807 0
-0.8228815 0.009871549 0.567318 0
0.06452972 0.9946747 0.07483629 0
-0.09740877 0.006562428 -0.1092091 1

-0.3328013 0.05794469 -0.939965 0
-0.9420018 0.02541392 0.3341443 0
0.04332538 0.997664 0.04484564 0
-0.1129392 0.004467503 -0.1170153 1

-0.04953828 0.02344914 -0.9971246 0
-0.9975923 0.04741034 0.05047813 0
0.04854204 0.9982684 0.01978961 0
-0.1193883 0.00586681 -0.1307094 1

0.4714345 -0.03335669 -0.879992 0
-0.8810765 0.02539347 -0.471661 0
0.03814544 0.9987893 -0.01863237 0
-0.09269623 0.00369693 -0.1483043 1

-0.7234008 -0.1297182 0.6773337 0
0.6852883 -0.01530744 0.7271084 0
-0.08409683 0.9910985 0.09863725 0
0.08561923 0.001881468 -0.1044025 1

-0.5645379 -0.09930938 0.8183801 0
0.8228813 0.009873682 0.5673189 0
-0.06453241 0.9946747 0.07483628 0
0.09931199 0.006562428 -0.109209 1

-0.3328019 -0.05794606 0.9399644 0
0.9420015 0.02541641 0.3341452 0
-0.04332807 0.9976642 0.0448456 0
0.1148425 0.004467562 -0.1170153 1

-0.04953899 -0.02344963 0.9971247 0
0.9975923 0.04741302 0.05047901 0
-0.04854464 0.9982683 0.01978968 0
0.1212916 0.005866884 -0.1307094 1

0.4714337 0.0333577 0.8799926 0
0.8810768 0.02539603 -0.4716601 0
-0.0381479 0.9987893 -0.0186323 0
0.09459955 0.003696945 -0.1483043 1

0.1761437 -0.001557139 0.0002174616 0
-0.0001299411 0.009852757 0.1757966 0
-0.001566872 -0.1758666 0.009867567 0
0.0008577678 0.1135014 0.1037315 1

0.1761437 -0.001557139 0.000217462 0
-0.0001299411 0.009852747 0.1757966 0
-0.001566872 -0.1758666 0.009867555 0
0.0008507427 0.114034 0.113235 1

1 -3.481492E-08 -2.397282E-07 0
2.220162E-10 -0.9894865 0.1446261 0
-2.421341E-07 -0.1445612 -0.9890421 0
0.001862266 0.1535143 -0.01991354 1

1 0 0 0
0 0.9999999 0 0
0 0 0.9999999 0
0.0009515882 0.001014061 -0.0002632955 1

1 9.797152E-06 8.669599E-06 0
-1.254785E-05 0.5297701 0.8476974 0
3.713707E-06 -0.8481305 0.5296511 0
0.001862266 0.07357761 -0.008229762 1

1 3.420964E-09 -1.477602E-09 0
6.8394E-10 -0.5117189 -0.8571972 0
-3.611639E-09 0.8587459 -0.5122733 0
0.001862266 0.07357761 -0.008229762 1

0.4351361 -0.09535342 -0.8948954 0
-0.8991362 0.005908285 -0.4374379 0
0.04701965 0.995417 -0.08325694 0
-0.05114264 0.06338181 0.04649904 1

0.4351191 0.09536209 0.8949027 0
0.8991433 0.005927617 -0.4374231 0
-0.0470394 0.9954162 -0.08325709 0
0.05486649 0.06338295 0.04649991 1

-0.9984251 0.02234367 -0.05144512 0
0.003613147 0.9409728 0.3381691 0
0.05598952 0.337717 -0.9392107 0
0.001861275 0.1154163 0.05871731 1

-0.02980292 0.988737 0.1428584 0
-0.9941152 -0.0443578 0.09874123 0
0.1041477 -0.1404716 0.9833884 0
-0.02152786 0.03232399 -0.08195978 1

-0.02980267 -0.988737 -0.1428582 0
0.9941151 -0.04435759 0.09874138 0
-0.1041478 -0.1404714 0.9833884 0
0.02525239 0.03232399 -0.08195978 1

-0.04182337 0.6623671 0.7475921 0
-0.0714625 -0.7487199 0.6588223 0
0.9965663 -0.02589179 0.07861797 0
-0.1042947 0.06373108 0.02064007 1

-0.04179637 -0.6623673 -0.7475933 0
0.07146767 -0.7487191 0.6588227 0
-0.9965668 -0.02591354 0.07860141 0
0.108019 0.06373335 0.02064182 1

0.1761484 -0.0008777515 0.0005558304 0
-0.0005061984 0.009814602 0.1757986 0
-0.0009073706 -0.175874 0.009830386 0
0.001805748 0.1130657 0.07223996 1

0.5855324 -0.3319355 0.7392913 0
-0.7805955 -0.4769789 0.4038121 0
0.2186849 -0.8138131 -0.5380572 0
-0.03271602 0.1439299 0.08961432 1

0.06279205 0.3967961 -0.9154039 0
-0.9518039 0.2998156 0.06458149 0
0.3002128 0.8675514 0.3962154 0
-0.03344773 0.1467996 0.0901849 1

0.2303676 -0.4687614 0.8524401 0
-0.9621146 0.02160853 0.2716668 0
-0.1458324 -0.8830504 -0.4457183 0
-0.02143295 0.1454155 0.08650257 1

0.5910816 0.3264238 -0.7373282 0
0.7748582 -0.4838383 0.4066906 0
-0.2240946 -0.8119916 -0.5385831 0
0.03555267 0.1435903 0.08982954 1

0.05167435 -0.3949872 0.9168788 0
0.9543415 0.2901146 0.07110076 0
-0.2942159 0.8716654 0.391663 0
0.03630927 0.1464526 0.09040479 1

0.2403918 0.4664201 -0.8509561 0
0.960549 0.01204567 0.2777276 0
0.1398508 -0.884471 -0.4448178 0
0.03223165 0.1451486 0.08667175 1

0.9999829 -0.004972589 0.003151593 0
-0.005471589 -0.5871886 0.8091478 0
-0.002173964 -0.8094236 -0.5868485 0
0.001843872 0.1486678 0.1166598 1

0.9796854 0.1697527 0.1067053 0
-0.005996988 -0.5073854 0.8613828 0
0.2004527 -0.8448232 -0.4957375 0
0.001829583 0.1081291 0.05727476 1

0.9999831 -0.00497355 0.00314484 0
-0.004879776 -0.9995537 -0.02902066 0
0.00328923 0.02914627 -0.9991332 0
0.005633506 0.1006004 0.09601306 1

0.4725476 -0.4259539 0.7709134 0
0.8169093 -0.1166395 -0.563904 0
0.3306932 0.8968051 0.2914026 0
-0.1081088 0.02846071 -0.07336006 1

0.4725468 0.4259546 -0.7709135 0
-0.8169093 -0.1166407 -0.5639038 0
-0.3306943 0.8968046 0.2914026 0
0.1118333 0.02846073 -0.07336005 1

-0.6884705 0.7070079 -0.1616965 0
-0.4213831 -0.2085031 0.8822272 0
0.5902922 0.6757578 0.4411925 0
-0.1094557 0.009659283 0.06821955 1

-0.6884578 -0.7070231 0.1616846 0
0.4213727 -0.2084946 0.8822341 0
-0.5903141 0.6757446 0.4411831 0
0.1131803 0.009661607 0.06822134 1

0.1761462 -0.001315394 0.0003542555 0
-0.0002824262 0.009548383 0.1758137 0
-0.001332674 -0.1758859 0.009564582 0
0.001787029 0.1134287 0.0787409 1

0.9807271 -0.1709498 -0.09454672 0
-0.09105387 0.02854459 -0.9950033 0
0.1728719 0.9848571 0.01229671 0
-0.04339868 0.1374023 0.09514061 1

-0.8723353 0.1175874 0.4743339 0
0.4885341 0.2476718 0.8362561 0
-0.01915472 0.9616726 -0.2735041 0
-0.04339868 0.1374023 0.09514061 1

-0.1905801 0.07280244 -0.9785475 0
-0.9809431 -0.05254566 0.1869813 0
-0.03782273 0.995952 0.08126596 0
-0.04339868 0.1374023 0.09514061 1

0.9867452 0.1597877 0.02829001 0
0.07158289 -0.2719428 -0.9591899 0
-0.1456389 0.9489452 -0.2797781 0
-0.04484456 0.1503895 0.09095819 1

-0.9495006 -0.006296437 0.313567 0
0.3137641 -0.0235834 0.9487944 0
0.001421593 0.999693 0.02422857 0
-0.04484456 0.1503895 0.09095819 1

-0.05745513 0.03619586 -0.9972581 0
-0.9533963 0.2945046 0.06552222 0
0.2962016 0.9549549 0.01745761 0
-0.04484456 0.1503895 0.09095819 1

0.981885 0.1621669 0.09793936 0
0.09479856 0.02740243 -0.9946859 0
-0.1640626 0.9863739 0.01140059 0
0.04615681 0.1369689 0.09539521 1

-0.8716859 -0.1099036 -0.4773593 0
-0.4892225 0.2523207 0.8344629 0
0.02874991 0.9613731 -0.2737177 0
0.04615681 0.1369689 0.09539521 1

-0.1938779 -0.06862572 0.9782016 0
0.9799046 -0.06124324 0.1897615 0
0.04690656 0.9957521 0.07895773 0
0.04615681 0.1369689 0.09539521 1

0.9852218 -0.1700717 -0.02031404 0
-0.06706754 -0.2737393 -0.9590051 0
0.1576095 0.9466382 -0.2811013 0
0.04773647 0.1499264 0.09125616 1

-0.9469599 0.01529331 -0.3208501 0
-0.3212338 -0.0178074 0.9464189 0
0.008764127 0.9997156 0.02163739 0
0.04773647 0.1499264 0.09125616 1

-0.06549226 -0.03325712 0.996865 0
0.9559959 0.2843399 0.07219367 0
-0.2859779 0.9581372 0.01304251 0
0.04773647 0.1499264 0.09125616 1

0.668554 0.01489528 -0.7431898 0
-0.7269612 -0.1976166 -0.6573137 0
-0.1567279 0.9801571 -0.1213632 0
0.001717727 0.1351304 0.1353144 1

0.6636711 -0.02151875 0.7473891 0
0.7290924 -0.2048559 -0.652724 0
0.1672281 0.9785464 -0.1203421 0
0.001717727 0.1351304 0.1353144 1

-0.9784951 -0.1368046 0.1543262 0
0.005272284 0.7315748 0.6813396 0
-0.2062041 0.6678809 -0.7148995 0
0.001545597 0.08410204 0.09806523 1

0.04743464 -0.1076389 -0.9915305 0
-0.9453107 -0.3259118 -0.009375436 0
-0.3227057 0.9388808 -0.118281 0
-0.02669533 0.01683637 -0.1295589 1

0.04743495 0.1076388 0.9915304 0
0.945311 -0.3259105 -0.009375837 0
0.3227043 0.9388812 -0.118281 0
0.03041986 0.01683628 -0.1295589 1

0.9999831 -0.004973514 0.003152342 0
0.004872462 0.9994892 0.03115598 0
-0.003307064 -0.03128251 0.9990703 0
0.001342726 -0.03252402 -0.01015793 1

0.9999831 -0.004973528 0.003152307 0
0.004872516 0.9994892 0.03115618 0
-0.003307172 -0.03128276 0.9990702 0
-0.0003265769 -0.03251575 -0.01016325 1

-0.7999416 0.1018213 -0.5911293 0
-0.5950379 -0.007137361 0.8033137 0
0.07761019 0.9947682 0.06614063 0
-0.1242194 0.004207904 0.0831377 1

-0.9758688 0.1025684 -0.1926978 0
-0.1974876 -0.03793382 0.9791452 0
0.09316146 0.9939934 0.05712204 0
-0.1154123 0.006163264 0.08669692 1

-0.9874076 0.06340019 0.1448649 0
0.132367 -0.1706145 0.9759991 0
0.08663356 0.9832869 0.1598787 0
-0.1088754 0.006379718 0.08690252 1

-0.4826584 -0.129691 0.8657886 0
0.8345277 -0.36815 0.4097778 0
0.2657149 0.9206671 0.2856801 0
-0.1054289 0.006460899 0.08370107 1

-0.7999493 -0.1018391 0.5911159 0
0.5950244 -0.007125108 0.8033236 0
-0.07763285 0.9947664 0.06613979 0
0.1279439 0.004210556 0.08313971 1

-0.9758696 -0.1025903 0.1926815 0
0.197472 -0.0379302 0.9791486 0
-0.09318447 0.9939914 0.05712109 0
0.1191367 0.006165708 0.08669879 1

-0.9874036 -0.06342186 -0.1448815 0
-0.1323797 -0.170618 0.975997 0
-0.08665778 0.983285 0.1598775 0
0.1125998 0.006382028 0.08690429 1

-0.4826462 0.1296818 -0.865797 0
-0.8345269 -0.3681684 0.4097633 0
-0.2657394 0.9206611 0.2856762 0
0.1091534 0.006463105 0.08370278 1

0.1761462 -0.001315435 0.0003542775 0
-0.000262056 0.01223391 0.1756471 0
-0.001336874 -0.1757195 0.01224901 0
0.001776585 0.1137818 0.0852424 1

0.9607919 -0.1240829 0.2478652 0
0.2772608 0.4382529 -0.8547 0
-0.002575191 0.890236 0.4551623 0
-0.04418029 0.1376473 0.08659949 1

-0.7298869 0.5616246 0.38942 0
0.6835617 0.602262 0.4120739 0
-0.003103701 0.5673099 -0.8232064 0
-0.03968035 0.1392874 0.1015055 1

0.935512 0.2578115 0.2414183 0
0.3483933 -0.5596877 -0.7515059 0
-0.05865439 0.787569 -0.6132517 0
-0.04436776 0.1485782 0.08456933 1

-0.6835865 -0.2436042 0.6877455 0
0.7121136 -0.4292705 0.5553457 0
0.1600161 0.8696929 0.4666043 0
-0.04190936 0.1501689 0.09983397 1

0.9627318 0.1153695 -0.2445267 0
-0.2703119 0.4404472 -0.8557968 0
0.008972109 0.890325 0.4549073 0
0.04697055 0.1372041 0.08685682 1

-0.7335299 -0.5551742 -0.3918156 0
-0.6795676 0.6085103 0.4094942 0
0.01108795 0.5669914 -0.8233569 0
0.04243323 0.1388893 0.1017465 1

0.9346046 -0.2681267 -0.2335751 0
-0.3484273 -0.5580487 -0.7527072 0
0.07150662 0.7852843 -0.614814 0
0.04728976 0.1481031 0.08486854 1

-0.6757462 0.2488385 -0.6935903 0
-0.720752 -0.4203943 0.5509768 0
-0.1545467 0.8725424 0.4631186 0
0.04473141 0.1497598 0.1001097 1

0.9021439 0.007641594 -0.4311794 0
-0.4021208 -0.3473709 -0.8467138 0
-0.1563196 0.9376869 -0.3102929 0
-0.02477677 0.1279282 0.1113582 1

0.8992853 -0.01659775 0.4368578 0
0.4039805 -0.351379 -0.8441727 0
0.1675893 0.9360766 -0.3092722 0
0.02828989 0.1276643 0.1115255 1

0.6405334 -0.1678434 -0.7490125 0
-0.7677063 -0.1163587 -0.6298572 0
0.01857161 0.9789131 -0.2034252 0
0.005931085 0.1274648 0.1384911 1

0.9999596 -0.008845425 0.001753558 0
-0.0003302375 -0.2302064 -0.9726842 0
0.00901151 0.9730929 -0.230227 0
0.00185836 0.1275009 0.1384839 1

0.6407682 0.1565157 0.7512601 0
0.7677345 -0.1299334 -0.6271636 0
-0.000547477 0.9790822 -0.2034587 0
0.005712307 0.1274668 0.1384907 1

-0.7353547 0.09832014 -0.6696962 0
-0.6745329 -0.01093277 0.7371475 0
0.06526863 0.994744 0.0730185 0
-0.06936794 -0.000707134 -0.1203906 1

-0.5774487 0.002158475 -0.8152873 0
-0.8163592 0.01141856 0.5766115 0
0.01057233 0.9995832 -0.006095769 0
-0.07731821 0.003472522 -0.1236356 1

-0.3480134 -0.0292322 -0.9356882 0
-0.9373429 0.02856576 0.3467151 0
0.01662223 0.9988147 -0.03857107 0
-0.08334399 0.0008177157 -0.1278847 1

-0.05579303 -0.08224932 -0.9935528 0
-0.9977292 0.04225591 0.05232146 0
0.03774587 0.995365 -0.08559559 0
-0.08432902 0.001045181 -0.1323895 1

0.4537882 -0.1247618 -0.8809363 0
-0.8887979 0.007893239 -0.4576029 0
0.06415668 0.9918034 -0.1084532 0
-0.07584065 -6.483664E-05 -0.1391916 1

-0.7349204 -0.09925419 0.6700348 0
0.6749586 -0.01117616 0.7367549 0
-0.06575218 0.9946484 0.07386429 0
0.07309248 -0.0007071638 -0.1203906 1

-0.5774482 -0.002159247 0.8152874 0
0.8163594 0.01141962 0.5766112 0
-0.01057373 0.9995831 -0.006095645 0
0.08104276 0.003472507 -0.1236356 1

-0.3480129 0.02923179 0.935688 0
0.9373428 0.02856699 0.3467148 0
-0.01662364 0.9988146 -0.03857097 0
0.08706852 0.0008177157 -0.1278847 1

-0.05579261 0.0822492 0.9935526 0
0.9977291 0.04225727 0.05232102 0
-0.03774729 0.9953647 -0.08559543 0
0.08805357 0.001045151 -0.1323895 1

0.4537882 0.1247624 0.8809361 0
0.8887975 0.007894571 -0.457603 0
-0.06415811 0.9918031 -0.108453 0
0.0795652 -6.485154E-05 -0.1391916 1

-0.8602884 0.1006624 -0.4995642 0
-0.5097977 -0.1760352 0.8417435 0
-0.003210312 0.9792143 0.2025454 0
-0.1284333 0.00415739 0.08882663 1

-0.960349 0.1086807 -0.2566476 0
-0.2785636 -0.3359864 0.8993772 0
0.01152015 0.9355661 0.3526663 0
-0.1186936 0.005532977 0.1029658 1

-0.9763809 0.1007952 0.1910061 0
0.1567582 -0.2782038 0.9472628 0
0.148685 0.9552096 0.2555994 0
-0.106838 0.003753614 0.1019251 1

-0.4860278 0.06654533 0.8710144 0
0.8322505 -0.2690532 0.484557 0
0.2667141 0.9608145 0.07522923 0
-0.09285046 0.0009119319 0.08987746 1

-0.8602945 -0.1006815 0.4995497 0
0.5097871 -0.1760249 0.8417522 0
0.003185654 0.9792143 0.2025459 0
0.1321577 0.004160116 0.08882874 1

-0.9603506 -0.1087021 0.2566315 0
0.2785559 -0.3359811 0.8993818 0
-0.01154656 0.9355657 0.3526667 0
0.1224177 0.00553551 0.1029677 1

-0.9763753 -0.1008164 -0.1910226 0
-0.1567679 -0.2782079 0.9472602 0
-0.1487101 0.955206 0.2555976 0
0.1105622 0.003755879 0.1019268 1

-0.4860113 -0.06655464 -0.8710231 0
-0.8322527 -0.2690717 0.4845426 0
-0.2667358 0.9608085 0.07522535 0
0.09657491 0.0009139138 0.08987894 1

0.1761462 -0.001315435 0.0003542775 0
-0.000262056 0.01223392 0.1756471 0
-0.001336874 -0.1757196 0.012249 0
0.001762419 0.1144431 0.09473781 1

0.8481758 0.1113632 -0.5176637 0
-0.4921782 -0.1957928 -0.8477916 0
-0.1958555 0.9742922 -0.1113343 0
-0.01755621 0.123905 0.1192212 1

0.908359 -0.1549631 0.3882692 0
0.3519762 -0.2182546 -0.9097789 0
0.2258249 0.9635006 -0.143773 0
0.02920046 0.1234916 0.1193032 1

-0.7292145 0.1270313 -0.6716051 0
-0.6789045 -0.01135951 0.7331284 0
0.08565055 0.9914815 0.09316759 0
-0.08398756 -0.0009440904 -0.1044139 1

-0.5696067 0.09131759 -0.815801 0
-0.8196196 0.01113784 0.5719867 0
0.06142584 0.9954089 0.06716581 0
-0.09769551 0.003757553 -0.1092427 1

-0.3409017 0.04290001 -0.9378623 0
-0.9392014 0.0281019 0.3417025 0
0.04108636 0.9983343 0.0294119 0
-0.1133129 0.001731039 -0.1167994 1

-0.05650761 0.001494216 -0.997009 0
-0.9977474 0.03612902 0.05640005 0
0.03616824 0.9989965 -0.00181868 0
-0.1199056 0.002551883 -0.1305238 1

0.4620464 -0.06313944 -0.8832886 0
-0.8861768 0.006158461 -0.4626682 0
0.03471271 0.9976358 -0.05431845 0
-0.09338989 9.104332E-05 -0.148227 1

-0.7287639 -0.1279635 0.6719168 0
0.6793281 -0.01159743 0.7327331 0
-0.08612088 0.9913587 0.09402229 0
0.08772133 -0.0009493952 -0.1044224 1

-0.5696061 -0.09131861 0.815801 0
0.8196197 0.01113896 0.5719863 0
-0.06142722 0.9954085 0.06716607 0
0.10142 0.003757553 -0.1092427 1

-0.3409012 -0.04290061 0.9378622 0
0.9392011 0.02810325 0.3417021 0
-0.04108784 0.9983342 0.02941202 0
0.1170374 0.001731084 -0.1167995 1

-0.05650713 -0.001494317 0.9970089 0
0.9977472 0.03613039 0.0563997 0
-0.03616964 0.9989963 -0.001818559 0
0.1236302 0.002551942 -0.1305238 1

0.4620465 0.06314007 0.8832885 0
0.8861764 0.006159719 -0.4626682 0
-0.03471415 0.9976355 -0.05431825 0
0.09711444 9.104332E-05 -0.1482269 1

0.1761462 -0.001315435 0.0003542775 0
-0.000262056 0.01223392 0.1756471 0
-0.001336875 -0.1757196 0.01224902 0
0.001748252 0.1151045 0.1042332 1

0.1761462 -0.001315435 0.0003542775 0
-0.000262056 0.01223391 0.1756471 0
-0.001336875 -0.1757196 0.01224902 0
0.001734085 0.1157659 0.1137286 1

1 -3.48149E-08 -2.397281E-07 0
7.418734E-09 -0.9847528 0.1739588 0
-2.420199E-07 -0.1738801 -0.9843076 0
0.00451265 0.1560248 -0.01921595 1

1 0 0 0
0 0.9999999 0 0
0 0 0.9999999 0
0.0009515882 0.001014061 -0.0002632955 1

1 1.794866E-05 1.408485E-05 0
-2.168333E-05 0.5547056 0.8315908 0
7.116128E-06 -0.8320301 0.5545988 0
0.004512651 0.07647052 -0.005162507 1

1 1.048213E-08 -2.719419E-09 0
3.541075E-09 -0.5369541 -0.8416061 0
-1.021628E-08 0.8431478 -0.5375583 0
0.004512651 0.07647052 -0.005162507 1

0.4112634 -0.1071002 -0.904789 0
-0.9102628 -0.1003232 -0.4015006 0
-0.04779216 0.9891599 -0.1388428 0
-0.04849249 0.06790377 0.04984443 1

0.4114507 0.1079156 0.9046068 0
0.9101982 -0.1002981 -0.4016531 0
0.04740711 0.9890739 -0.1395862 0
0.05751663 0.06790577 0.04984586 1

-0.9984232 0.02083051 -0.05211331 0
0.003621388 0.9505638 0.3101843 0
0.05602368 0.3097853 -0.9487852 0
0.004510938 0.1202785 0.06051254 1

-0.04137612 0.9943254 0.09251301 0
-0.9981049 -0.04541928 0.04149805 0
0.04554439 -0.09204113 0.9934732 0
-0.01887682 0.03304627 -0.0776329 1

-0.0413761 -0.9943254 -0.09251276 0
0.9981049 -0.04541922 0.04149788 0
-0.04554426 -0.09204084 0.9934732 0
0.02790212 0.03304627 -0.0776329 1

-0.08234561 0.6580406 0.7480282 0
-0.05842932 -0.7528946 0.6553597 0
0.9948897 0.01024799 0.1004023 0
-0.1023023 0.06197321 0.02610987 1

-0.08229794 -0.6586232 -0.7475207 0
0.05885946 -0.7523887 0.6559016 0
-0.994868 0.009969407 0.1006422 0
0.1113226 0.06197669 0.0261023 1

0.1761491 -0.000864214 0.000586818 0
-0.0005111521 0.01501355 0.1754312 0
-0.0009111054 -0.1755066 0.0150317 0
0.004454941 0.1183292 0.07409935 1

0.585504 -0.3099319 0.748802 0
-0.7806156 -0.4648136 0.4177186 0
0.2186882 -0.8293748 -0.513741 0
-0.03006672 0.1496942 0.09055142 1

0.06282619 0.3695382 -0.9267383 0
-0.9517999 0.3016124 0.05565445 0
0.3002182 0.8788881 0.3703817 0
-0.03079839 0.1525795 0.09103682 1

0.2303334 -0.4433444 0.8659381 0
-0.9621222 0.02965298 0.270879 0
-0.1458364 -0.8958455 -0.4194038 0
-0.01878352 0.1510869 0.08739742 1

0.5911152 0.3044583 -0.7466373 0
0.7748321 -0.4716157 0.4208501 0
-0.2240959 -0.8275605 -0.5143359 0
0.03820196 0.1493599 0.09077862 1

0.05164262 -0.3676944 0.9281598 0
0.9543448 0.292074 0.06251378 0
-0.2942105 0.8828738 0.3656982 0
0.0389586 0.1522379 0.09126898 1

0.2404259 0.4410393 -0.8643714 0
0.9605411 0.02023808 0.2772776 0
0.1398468 -0.8972443 -0.4184532 0
0.03488106 0.1508241 0.08757602 1

0.9999828 -0.004895642 0.003327257 0
-0.005506743 -0.562996 0.8261612 0
-0.002172347 -0.8264285 -0.5626456 0
0.004492473 0.1552294 0.1174459 1

0.9796814 0.1727023 0.1019009 0
-0.006035755 -0.4828078 0.8753932 0
0.2004717 -0.8585123 -0.4716214 0
0.004479147 0.1129518 0.05928619 1

0.999983 -0.004896797 0.00332053 0
-0.004898244 -0.9999741 0.0005606722 0
0.00331919 -0.0004218966 -0.9995548 0
0.008281785 0.1065722 0.09823027 1

0.4720505 -0.4138525 0.7777956 0
0.7879002 -0.1978179 -0.5820768 0
0.3954509 0.8881507 0.2312785 0
-0.1058052 0.02909054 -0.07401868 1

0.4720505 0.4138522 -0.7777957 0
-0.7879003 -0.1978175 -0.5820766 0
-0.3954504 0.8881508 0.2312787 0
0.1148305 0.02909056 -0.07401869 1

-0.7485042 0.6534331 -0.1129905 0
-0.4335011 -0.3532768 0.8287077 0
0.5018151 0.6694722 0.547357 0
-0.106522 0.007599928 0.07343929 1

-0.7482437 -0.6536149 0.11366 0
0.4338325 -0.3525097 0.8288609 0
-0.5019165 0.6696991 0.5469862 0
0.1155734 0.007639923 0.07347085 1

0.1761481 -0.001086066 0.0004926433 0
-0.0003991863 0.01488081 0.1754428 0
-0.001123819 -0.1755167 0.01489897 0
0.004436038 0.1188844 0.08058672 1

0.980727 -0.1736866 -0.0894179 0
-0.09102257 -0.0008973293 -0.9954118 0
0.1728876 0.9847866 -0.016835 0
-0.04074965 0.143333 0.09626801 1

-0.8723479 0.1315794 0.4706196 0
0.4885121 0.272291 0.8285766 0
-0.01913056 0.9531617 -0.3018299 0
-0.04074965 0.143333 0.09626801 1

-0.1905469 0.04382426 -0.9802762 0
-0.9809498 -0.04697674 0.1884209 0
-0.03781006 0.9979203 0.05176407 0
-0.04074965 0.143333 0.09626801 1

0.9867477 0.1605365 0.02357903 0
0.07160533 -0.3002032 -0.9507191 0
-0.1456124 0.9402547 -0.3077352 0
-0.04219517 0.156191 0.09170322 1

-0.9495099 0.00300084 0.3135871 0
0.3137362 0.004491968 0.9490831 0
0.001440241 0.9999717 -0.005359575 0
-0.04219517 0.156191 0.09170322 1

-0.05742458 0.006679924 -0.9978911 0
-0.9533926 0.2963316 0.05675188 0
0.2962199 0.9550474 -0.01079171 0
-0.04219517 0.156191 0.09170322 1

0.9818855 0.1649695 0.09313433 0
0.09483379 -0.002032282 -0.9950547 0
-0.1640387 0.9862828 -0.01778592 0
0.04880574 0.1429057 0.09653807 1

-0.871672 -0.123954 -0.473929 0
-0.4892452 0.2769032 0.8266144 0
0.02878314 0.9528551 -0.3020321 0
0.04880574 0.1429057 0.09653807 1

-0.1939136 -0.0396582 0.9797933 0
0.9798964 -0.05562682 0.1915241 0
0.04692839 0.99765 0.0494715 0
0.04880574 0.1429057 0.09653807 1

0.9852191 -0.1706152 -0.01524748 0
-0.06704687 -0.3019849 -0.9504869 0
0.1576343 0.9379059 -0.308975 0
0.05038584 0.1557352 0.09201752 1

-0.9469509 0.005812557 -0.3211869 0
-0.3212594 0.01020031 0.9465197 0
0.00878175 0.9999174 -0.00794378 0
0.05038584 0.1557352 0.09201752 1

-0.06551854 -0.003758339 0.9974075 0
0.9559991 0.2863342 0.06377704 0
-0.2859611 0.9581079 -0.01530965 0
0.05038584 0.1557352 0.09201752 1

0.6685761 -0.007107719 -0.7432829 0
-0.7269457 -0.2169605 -0.6511998 0
-0.1567054 0.9761405 -0.1503093 0
0.004365518 0.1422498 0.1364927 1

0.6636487 0.0005868588 0.7477161 0
0.7291077 -0.2240878 -0.6463543 0
0.1672505 0.9745547 -0.1492314 0
0.004365518 0.1422498 0.1364927 1

-0.9785022 -0.1323812 0.1580929 0
0.005244899 0.7505608 0.6603623 0
-0.2061713 0.647384 -0.7335201 0
0.004193326 0.09008861 0.1007401 1

0.01540324 -0.1568711 -0.9859293 0
-0.9573379 -0.2872214 0.03107309 0
-0.2885617 0.9445178 -0.1557158 0
-0.02728282 0.009375958 -0.1320287 1

0.01540345 0.156871 0.9859293 0
0.9573376 -0.2872218 0.03107284 0
0.288562 0.9445176 -0.1557157 0
0.03630812 0.009376002 -0.1320287 1

0.999983 -0.004896542 0.00332803 0
0.004890868 0.9999728 0.001575603 0
-0.003337056 -0.001715377 0.9995552 0
0.003991555 -0.02963441 -0.003955988 1

0.999983 -0.004896556 0.003327995 0
0.004890918 0.9999728 0.001575841 0
-0.003337164 -0.00171563 0.9995552 0
0.002322253 -0.02962626 -0.003961582 1

-0.7682533 0.1143088 -0.6295987 0
-0.6393564 -0.1858673 0.7458083 0
-0.03178375 0.9758889 0.2156344 0
-0.1212544 -0.000995849 0.08683167 1

-0.975091 0.02660871 -0.2201114 0
-0.2210018 -0.2009847 0.9539509 0
-0.01886425 0.9792187 0.2016218 0
-0.1128359 0.001331534 0.09104621 1

-0.992705 -0.05068188 0.1093589 0
0.1197228 -0.3070322 0.9437706 0
-0.01426179 0.9503341 0.3105811 0
-0.1063667 0.002135973 0.09161339 1

-0.5286651 -0.2797237 0.8011064 0
0.8184181 -0.4184323 0.3937212 0
0.2251776 0.8640841 0.4498166 0
-0.10282 0.002931173 0.08862598 1

-0.7680559 -0.1141152 0.629874 0
0.6396077 -0.1850886 0.7457865 0
0.03149106 0.9760595 0.2149044 0
0.1303122 -0.000940685 0.08686593 1

-0.9750265 -0.02679195 0.2203733 0
0.2213104 -0.2002003 0.954044 0
0.01856647 0.9793745 0.2008925 0
0.1218939 0.001386817 0.09108081 1

-0.9927498 0.05024891 -0.1091497 0
-0.1193792 -0.3063763 0.9440271 0
0.01400159 0.950569 0.3098742 0
0.1154245 0.002189394 0.09164903 1

-0.5289633 0.2789437 -0.8011817 0
-0.8181717 -0.4184311 0.394234 0
-0.2253722 0.8643368 0.4492332 0
0.1118768 0.002981107 0.08866191 1

0.1761481 -0.001086106 0.0004926677 0
-0.000381994 0.01756007 0.1751948 0
-0.001129827 -0.1752689 0.0175771 0
0.004421277 0.1194346 0.0870745 1

0.9607821 -0.1167119 0.2514561 0
0.2772943 0.4127758 -0.8672779 0
-0.002574698 0.9033089 0.4286288 0
-0.04153099 0.1433253 0.0877234 1

-0.7298898 0.5729083 0.3726131 0
0.6835586 0.6141762 0.3940988 0
-0.00306894 0.5427119 -0.8396242 0
-0.03703149 0.1454055 0.1025745 1

0.9355102 0.2648239 0.2337116 0
0.3484042 -0.5816827 -0.7346051 0
-0.05862141 0.7690815 -0.6362846 0
-0.04171823 0.1541914 0.0853708 1

-0.6836111 -0.2231376 0.6946295 0
0.7120893 -0.4126652 0.5678225 0
0.1600195 0.8831137 0.440672 0
-0.03926023 0.156233 0.1005817 1

0.962743 0.1080637 -0.2477972 0
-0.2702713 0.4149481 -0.8684571 0
0.008978267 0.9033898 0.4283723 0
0.04961979 0.1428882 0.08799651 1

-0.73353 -0.5665026 -0.3752475 0
-0.6795667 0.6203715 0.3912905 0
0.01113055 0.5423897 -0.8397644 0
0.04508199 0.1450132 0.1028296 1

0.934606 -0.2749344 -0.2255154 0
-0.3484173 -0.5800625 -0.7358776 0
0.07153738 0.7667533 -0.63777 0
0.04993927 0.1537238 0.08568665 1

-0.675723 0.2282253 -0.7006637 0
-0.7207743 -0.4039001 0.5631497 0
-0.1545432 0.8858615 0.4370999 0
0.04738054 0.1558306 0.100872 1

0.9021567 -0.005133085 -0.4311884 0
-0.4021026 -0.3722579 -0.8360766 0
-0.1562923 0.9281003 -0.3378994 0
-0.02212841 0.1343425 0.1127593 1

0.8992721 -0.003684418 0.4371832 0
0.4039985 -0.3762038 -0.8333939 0
0.1676165 0.9265149 -0.3368218 0
0.03093823 0.1340828 0.1129359 1

0.6405653 -0.1889716 -0.7439328 0
-0.7676793 -0.1341335 -0.6263436 0
0.01858323 0.9727643 -0.2310441 0
0.008577187 0.1345779 0.1399228 1

0.9999596 -0.00879391 0.002046482 0
-0.0002887883 -0.2576376 -0.965777 0
0.009024294 0.9661877 -0.2576708 0
0.004504465 0.1346137 0.1399144 1

0.6407363 0.1777099 0.7465554 0
0.7677614 -0.1476291 -0.6232003 0
-0.0005358484 0.9729323 -0.2310833 0
0.008358411 0.1345799 0.1399223 1

-0.7493424 0.09598409 -0.6544166 0
-0.6587527 -0.007510892 0.7513039 0
0.06731627 0.9949619 0.06745894 0
-0.07034196 -0.005955874 -0.1209108 1

-0.5905141 -0.01393661 -0.8057854 0
-0.8070277 0.009507194 0.5896176 0
-0.0005574853 0.9994668 -0.01818256 0
-0.07820864 -0.001616105 -0.1241496 1

-0.3689769 -0.06025715 -0.9261332 0
-0.9294151 0.0310836 0.3671805 0
0.006674007 0.9973071 -0.06874182 0
-0.08445102 -0.004223883 -0.128106 1

-0.07252665 -0.1280623 -0.9875805 0
-0.9973608 0.01277689 0.07136206 0
0.003485643 0.9912897 -0.129852 0
-0.08555188 -0.004172624 -0.1325893 1

0.4303617 -0.1879021 -0.8814087 0
-0.9013487 -0.03683291 -0.4308854 0
0.04858489 0.9810987 -0.1863489 0
-0.07730746 -0.005952091 -0.1395462 1

-0.7488786 -0.09688679 0.6548142 0
0.6592308 -0.007753141 0.7508832 0
-0.06779303 0.9948723 0.06827762 0
0.07936724 -0.005955844 -0.1209109 1

-0.5905138 0.01393675 0.8057853 0
0.8070278 0.009506758 0.5896174 0
0.0005579225 0.9994667 -0.01818226 0
0.08723393 -0.001616061 -0.1241496 1

-0.3689766 0.06025736 0.9261332 0
0.929415 0.03108318 0.3671804 0
-0.006673537 0.9973069 -0.06874178 0
0.0934763 -0.004223853 -0.128106 1

-0.07252649 0.1280623 0.9875806 0
0.9973607 0.01277644 0.07136179 0
-0.003485199 0.9912896 -0.1298518 0
0.09457719 -0.004172594 -0.1325893 1

0.4303617 0.1879017 0.8814088 0
0.9013485 -0.03683325 -0.4308856 0
-0.04858452 0.9810985 -0.1863486 0
0.08633275 -0.005952077 -0.1395462 1

-0.8380763 0.0859924 -0.5385101 0
-0.5026292 -0.5056453 0.7009692 0
-0.2121132 0.8584291 0.4666604 0
-0.1257822 -0.002312142 0.09211336 1

-0.9556147 0.05083172 -0.2900822 0
-0.2597658 -0.6101013 0.7482895 0
-0.1390056 0.7906736 0.5958503 0
-0.1165079 -0.002007889 0.1068965 1

-0.9786904 -0.0414373 0.2010348 0
0.1931481 -0.5182444 0.832847 0
0.06970574 0.8542121 0.5148534 0
-0.1045239 -0.002589854 0.1061399 1

-0.6286017 -0.03824016 0.7764517 0
0.725342 -0.3891856 0.5676227 0
0.2806047 0.9203506 0.2721218 0
-0.09048432 -0.003375668 0.09456036 1

-0.8379117 -0.08589082 0.5387819 0
0.5029829 -0.5049483 0.7012181 0
0.2119245 0.8588494 0.4659724 0
0.1348417 -0.00225148 0.09214748 1

-0.9555239 -0.05095605 0.2903572 0
0.2601685 -0.6094555 0.7486762 0
0.1388729 0.7911638 0.5952304 0
0.125571 -0.001939597 0.1069326 1

-0.9787547 0.04094168 -0.2008222 0
-0.1927572 -0.5176965 0.8332779 0
-0.06988092 0.8545681 0.5142384 0
0.113587 -0.00252636 0.1061795 1

-0.6288081 0.03744301 -0.7763235 0
-0.7250625 -0.3890224 0.5680904 0
-0.2808634 0.9204519 0.2715107 0
0.09954485 -0.003325719 0.09460402 1

0.1761481 -0.001086106 0.0004926677 0
-0.000381994 0.01756008 0.1751948 0
-0.001129828 -0.1752689 0.01757712 0
0.004400626 0.1203839 0.09654546 1

0.8481985 0.09666908 -0.5205694 0
-0.492142 -0.219703 -0.84193 0
-0.1958479 0.9707513 -0.1388689 0
-0.01490928 0.1304742 0.1207603 1

0.9083417 -0.1439157 0.3925371 0
0.3520149 -0.2439112 -0.9032203 0
0.2258339 0.9590454 -0.1709709 0
0.03184739 0.1300633 0.1208561 1

-0.7432292 0.1246823 -0.6565752 0
-0.6632088 -0.007951697 0.7473798 0
0.08811901 0.9917707 0.08718631 0
-0.08461955 -0.006118682 -0.1046273 1

